27379578	15	29.238520
27379787	15	29.238570
27382415	15	29.239217
27384144	15	29.239633
27384243	15	29.239656
27385301	15	29.239909
27386986	15	29.240312
27389723	15	29.240963
27390812	15	29.241240
27390985	15	29.241288
27392767	15	29.241815
27393223	15	29.241960
27393731	15	29.242129
27393979	15	29.242212
27395933	15	29.242875
27396087	15	29.242927
27396816	15	29.243175
27398550	15	29.243763
27399489	15	29.244080
27399845	15	29.244198
27400365	15	29.244363
27400680	15	29.244464
27401093	15	29.244595
27401721	15	29.244792
27401736	15	29.244797
27401929	15	29.244856
27402547	15	29.245046
27402601	15	29.245063
27403203	15	29.245254
27404757	15	29.245898
27404797	15	29.245916
27404816	15	29.245925
27404940	15	29.245987
27405366	15	29.247887
27406409	15	29.255743
27406527	15	29.255847
27406629	15	29.255940
27406652	15	29.255959
27407659	15	29.256558
27407661	15	29.256559
27407771	15	29.256623
27408832	15	29.257239
27408968	15	29.257318
27409718	15	29.257482
27409777	15	29.257496
27409802	15	29.257503
27409995	15	29.257558
27410408	15	29.257695
27410670	15	29.257782
27411225	15	29.258220
27411502	15	29.258421
27411746	15	29.258527
27412255	15	29.258636
27412400	15	29.258666
27412578	15	29.258704
27412815	15	29.258753
27413222	15	29.258839
27414072	15	29.259016
27415306	15	29.259268
27415802	15	29.259369
27415908	15	29.259391
27416368	15	29.259482
27417377	15	29.259680
27417670	15	29.259735
27417867	15	29.259771
27418185	15	29.259830
27418487	15	29.259881
27419355	15	29.260016
27419852	15	29.260094
27419937	15	29.260107
27421213	15	29.260317
27422070	15	29.260477
27423054	15	29.260660
27423563	15	29.260755
27423770	15	29.264161
27423772	15	29.264194
27424206	15	29.271425
27424907	15	29.317807
27425002	15	29.324093
27425249	15	29.340435
27425762	15	29.374378
27425945	15	29.386486
27425994	15	29.389728
27426468	15	29.397665
27427967	15	29.398379
27431957	15	29.398620
27442634	15	29.399245
27444295	15	29.399343
27445423	15	29.399583
27445482	15	29.399628
27445749	15	29.399951
27445967	15	29.400255
27446244	15	29.400571
27447130	15	29.400841
27447284	15	29.400880
27447844	15	29.401002
27449592	15	29.401367
27451647	15	29.401802
27451961	15	29.401872
27452858	15	29.402101
27453278	15	29.402676
27453908	15	29.402848
27454175	15	29.402915
27455850	15	29.403297
27456381	15	29.403417
27456398	15	29.403421
27456469	15	29.403437
27457439	15	29.403654
27457810	15	29.403738
27458435	15	29.403880
27459196	15	29.404056
27459234	15	29.404065
27459326	15	29.404097
27459607	15	29.404260
27459714	15	29.404513
27459816	15	29.404763
27459898	15	29.404958
27459906	15	29.404976
27460409	15	29.406094
27460491	15	29.406253
27461076	15	29.407231
27461138	15	29.407283
27461334	15	29.407358
27461429	15	29.407391
27462334	15	29.407690
27462949	15	29.407894
27463422	15	29.408075
27463874	15	29.410626
27464022	15	29.413403
27464176	15	29.416305
27464258	15	29.420249
27464356	15	29.426599
27464852	15	29.459047
27465102	15	29.475402
27465842	15	29.523812
27465932	15	29.529428
27466391	15	29.529598
27467286	15	29.529815
27467364	15	29.529833
27467567	15	29.529882
27467814	15	29.529942
27467894	15	29.529962
27469198	15	29.530305
27469636	15	29.530424
27469901	15	29.530496
27469922	15	29.530502
27470257	15	29.530601
27470289	15	29.530610
27470574	15	29.530695
27470628	15	29.530711
27471182	15	29.530907
27471426	15	29.531371
27471605	15	29.531670
27471642	15	29.531682
27472098	15	29.531803
27472149	15	29.531817
27474276	15	29.532318
27474926	15	29.532467
27475344	15	29.532563
27475711	15	29.532647
27476575	15	29.532848
27477251	15	29.533013
27477821	15	29.533813
27478071	15	29.536433
27479021	15	29.559836
27479290	15	29.566462
27479610	15	29.574750
27480935	15	29.617418
27481781	15	29.644681
27482607	15	29.669440
27482770	15	29.670970
27482946	15	29.672515
27483172	15	29.672965
27483469	15	29.673556
27483499	15	29.673616
27483875	15	29.674351
27485574	15	29.676089
27486514	15	29.677007
27486668	15	29.677155
27486718	15	29.677203
27486831	15	29.677310
27487025	15	29.677489
27488882	15	29.679182
27489383	15	29.679637
27489799	15	29.680014
27490200	15	29.680377
27490485	15	29.680638
27491205	15	29.681308
27491707	15	29.681903
27491785	15	29.682061
27491880	15	29.682262
27491905	15	29.682317
27492071	15	29.682707
27493902	15	29.813361
27494345	15	29.816312
27494696	15	29.818599
27496129	15	29.827755
27496307	15	29.828856
27496343	15	29.829023
27496959	15	29.830099
27497007	15	29.830173
27497573	15	29.830950
27498213	15	29.831828
27498832	15	29.832673
27499964	15	29.834219
27500108	15	29.834415
27500380	15	29.834787
27500394	15	29.834798
27500398	15	29.834802
27502237	15	29.835421
27502685	15	29.835599
27505136	15	29.836746
27505235	15	29.836818
27505727	15	29.837338
27506433	15	29.837767
27506536	15	29.837865
27506947	15	29.838894
27507035	15	29.839114
27507773	15	29.840957
27507951	15	29.841401
27508074	15	29.841707
27508143	15	29.841890
27508667	15	29.843415
27508810	15	29.843867
27508862	15	29.844032
27509247	15	29.845253
27510127	15	29.848019
27510350	15	29.848715
27510522	15	29.849247
27510537	15	29.849293
27510674	15	29.849710
27510789	15	29.850066
27510800	15	29.850097
27510844	15	29.850206
27510942	15	29.850427
27511547	15	29.851271
27512209	15	29.851293
27513254	15	29.851325
27513412	15	29.851330
27513421	15	29.851330
27513504	15	29.851333
27513633	15	29.851341
27514209	15	29.851731
27514529	15	29.852026
27514661	15	29.852102
27514749	15	29.852109
27515377	15	29.852743
27515439	15	29.852775
27515989	15	29.852973
27516517	15	29.853072
27516568	15	29.853076
27517429	15	29.853146
27517679	15	29.853155
27518300	15	29.853171
27518429	15	29.853174
27519231	15	29.853194
27519653	15	29.853205
27520442	15	29.853225
27520811	15	29.853243
27521217	15	29.853295
27521811	15	29.853456
27522360	15	29.853605
27522957	15	29.853768
27523939	15	29.854422
27524825	15	29.855012
27526029	15	29.855408
27526224	15	29.855473
27528162	15	29.856111
27528710	15	29.856418
27529161	15	29.857113
27530213	15	29.858740
27530253	15	29.858784
27532089	15	29.859904
27532716	15	29.860173
27533744	15	29.860559
27535655	15	29.861266
27536527	15	29.861577
27538009	15	29.862097
27538165	15	29.862153
27538886	15	29.862417
27539309	15	29.862687
27540791	15	29.863660
27541436	15	29.864125
27542496	15	29.864936
27543224	15	29.865411
27544861	15	29.866425
27547206	15	29.867234
27548820	15	29.867594
27550025	15	29.867862
27555618	15	29.869037
27557532	15	29.889506
27558300	15	29.902651
27561024	15	29.949279
27564786	15	30.013666
27565531	15	30.025981
27566453	15	30.027326
27567385	15	30.028383
27569171	15	30.030405
27569623	15	30.030918
27571044	15	30.031419
27571617	15	30.032712
27571650	15	30.032790
27571731	15	30.032988
27571843	15	30.033266
27572192	15	30.034140
27572329	15	30.034486
27635573	15	30.429171
27638977	15	30.431144
27639130	15	30.431250
27639562	15	30.431609
27639846	15	30.431982
27639974	15	30.432123
27640183	15	30.432328
27640624	15	30.432706
27641538	15	30.433486
27641987	15	30.434335
27642068	15	30.434500
27642177	15	30.434741
27644351	15	30.440018
27646036	15	30.443958
27646379	15	30.444636
27650962	15	30.451176
27651440	15	30.451855
27651642	15	30.452145
27651732	15	30.452271
27651867	15	30.452444
27654292	15	30.454927
27659105	15	30.475812
27659375	15	30.477227
27661731	15	30.504521
27662701	15	30.515758
27662957	15	30.518781
27663445	15	30.522330
27663696	15	30.524046
27666221	15	30.524463
27667896	15	30.524667
27668224	15	30.524707
27671623	15	30.525119
27672091	15	30.525176
27674014	15	30.525411
27674176	15	30.526000
27677968	15	30.526502
27678865	15	30.526628
27680269	15	30.526834
27680487	15	30.526867
27682831	15	30.527229
27682851	15	30.527234
27685055	15	30.527893
27685148	15	30.527921
27685647	15	30.528071
27687150	15	30.528521
27687702	15	30.528618
27691713	15	30.529258
27691879	15	30.529308
27692175	15	30.529442
27692542	15	30.529675
27692905	15	30.529947
27693841	15	30.530678
27694075	15	30.530873
27698463	15	30.535958
27701578	15	30.539566
27701798	15	30.540299
27701890	15	30.540638
27701914	15	30.540726
27703715	15	30.547093
27706279	15	30.552256
27706661	15	30.552660
27707061	15	30.553049
27709626	15	30.554702
27710682	15	30.555373
27718560	15	30.560370
27720042	15	30.564000
27723070	15	30.571534
27724296	15	30.574555
27724345	15	30.574675
27724503	15	30.575062
27726527	15	30.580011
27727209	15	30.581678
27731784	15	30.592979
27736582	15	30.710616
27740007	15	30.717385
27740614	15	30.718582
27741652	15	30.720631
27741737	15	30.720799
27742401	15	30.722117
27744850	15	30.726995
27745228	15	30.728070
27746578	15	30.732094
27746656	15	30.732326
27746670	15	30.732366
27746680	15	30.732394
27746698	15	30.732442
27746840	15	30.732801
27747025	15	30.733196
27747635	15	30.734500
27748064	15	30.735416
27748112	15	30.735512
27748872	15	30.736935
27750543	15	30.738255
27751212	15	30.738783
27751567	15	30.739342
27751786	15	30.739754
27751938	15	30.740042
27752745	15	30.741610
27753717	15	30.745447
27754457	15	30.766832
27754733	15	30.768314
27754799	15	30.768669
27754881	15	30.768784
27755104	15	30.769094
27755960	15	30.770220
27755975	15	30.770240
27756585	15	30.771041
27756702	15	30.771195
27756974	15	30.771552
27757396	15	30.772105
27757575	15	30.772339
27757760	15	30.772611
27758815	15	30.774182
27758904	15	30.774228
27759751	15	30.774631
27760534	15	30.775179
27761776	15	30.775454
27761922	15	30.775486
27762145	15	30.775534
27762182	15	30.775542
27762495	15	30.775607
27762625	15	30.775634
27762838	15	30.775677
27764374	15	30.775968
27764579	15	30.775998
27764600	15	30.776000
27764628	15	30.776002
27764816	15	30.776012
27764968	15	30.776026
27766015	15	30.776617
27766877	15	30.776648
27767328	15	30.776664
27767570	15	30.776673
27767847	15	30.776685
27767860	15	30.776685
27767965	15	30.776692
27768133	15	30.776703
27768328	15	30.776718
27768787	15	30.776752
27768946	15	30.776768
27769859	15	30.776907
27770095	15	30.776944
27770143	15	30.776953
27770282	15	30.776979
27770701	15	30.777065
27770963	15	30.777253
27771423	15	30.777346
27771525	15	30.777422
27772505	15	30.778156
27772676	15	30.778333
27772767	15	30.778454
27772892	15	30.778621
27773378	15	30.779383
27773791	15	30.780158
27776043	15	30.785050
27777751	15	30.788223
27780753	15	30.789865
27790198	15	30.795044
27793176	15	30.797231
27793297	15	30.797434
27793837	15	30.798441
27793862	15	30.798488
27793926	15	30.798609
27794146	15	30.799023
27794168	15	30.799065
27794188	15	30.799103
27794466	15	30.799633
27794508	15	30.799716
27794710	15	30.800133
27794781	15	30.800293
27794806	15	30.800349
27794924	15	30.800624
27794965	15	30.800720
27794988	15	30.800774
27795580	15	30.802170
27795923	15	30.802979
27796287	15	30.803838
27796343	15	30.803970
27796584	15	30.804537
27796746	15	30.804919
27796891	15	30.805261
27797575	15	30.806872
27798221	15	30.808393
27798391	15	30.808802
27798752	15	30.809668
27798781	15	30.809738
27798806	15	30.809792
27799111	15	30.810389
27799223	15	30.810620
27799589	15	30.811552
27799865	15	30.812254
27800012	15	30.812498
27800075	15	30.812610
27800409	15	30.813232
27800591	15	30.813574
27801653	15	30.813590
27801663	15	30.813590
27803342	15	30.813629
27804040	15	30.814347
27804087	15	30.814348
27804427	15	30.814352
27804477	15	30.814352
27804902	15	30.814357
27805304	15	30.814362
27806009	15	30.814371
27806024	15	30.814372
27806079	15	30.814376
27806353	15	30.814395
27807297	15	30.814503
27807476	15	30.814527
27808547	15	30.814678
27808735	15	30.814752
27809842	15	30.814915
27809922	15	30.814926
27810015	15	30.814940
27810966	15	30.815079
27812011	15	30.815229
27812059	15	30.815234
27812593	15	30.815266
27813118	15	30.815874
27816841	15	30.816555
27817649	15	30.816670
27817849	15	30.816698
27818265	15	30.816777
27818496	15	30.817234
27819158	15	30.818544
27819275	15	30.818776
27819408	15	30.819044
27820431	15	30.872595
27820907	15	30.897513
27820990	15	30.900036
27821222	15	30.900366
27821431	15	30.900659
27822015	15	30.901275
27822113	15	30.901336
27822164	15	30.901358
27822770	15	30.901585
27822820	15	30.901604
27822870	15	30.901623
27823236	15	30.901758
27823468	15	30.901845
27824176	15	30.902523
27824460	15	30.902725
27825173	15	30.903082
27825395	15	30.903132
27825469	15	30.903145
27825696	15	30.903182
27827203	15	30.903411
27827445	15	30.903448
27827448	15	30.903448
27827537	15	30.903462
27828301	15	30.903576
27828539	15	30.903612
27828846	15	30.903658
27829465	15	30.903749
27830073	15	30.903839
27831212	15	30.904008
27831417	15	30.904038
27831506	15	30.904051
27831591	15	30.904064
27831684	15	30.904078
27832367	15	30.904179
27832430	15	30.904218
27832781	15	30.904603
27832990	15	30.904807
27833153	15	30.904926
27833238	15	30.904981
27833275	15	30.904998
27833502	15	30.905056
27834023	15	30.905888
27835646	15	30.906204
27836802	15	30.906423
27837940	15	30.906643
27840803	15	30.908262
27841836	15	30.917766
27842037	15	30.921445
27843351	15	30.945495
27843814	15	30.947807
27844181	15	30.949180
27845275	15	30.950686
27845570	15	30.951095
27845921	15	30.951589
27846815	15	30.952789
27847360	15	30.953719
27848831	15	30.956958
27849304	15	30.957263
27850183	15	30.957812
27850579	15	30.957985
27850666	15	30.958006
27850923	15	30.958038
27853086	15	30.958284
27853295	15	30.958321
27856171	15	30.959228
27857396	15	30.959616
27857708	15	30.959709
27858084	15	30.959816
27858153	15	30.959834
27858287	15	30.959869
27858335	15	30.959882
27858408	15	30.959899
27859639	15	30.960186
27860447	15	30.960379
27860689	15	30.960442
27861143	15	30.960562
27863123	15	30.961247
27863955	15	30.961539
27864295	15	30.961660
27864416	15	30.961703
27864786	15	30.961838
27865283	15	30.962124
27865377	15	30.962161
27865463	15	30.962190
27865736	15	30.962281
27866196	15	30.962433
27866498	15	30.962534
27866667	15	30.962592
27866743	15	30.962620
27867670	15	30.963015
27867800	15	30.963091
27868422	15	30.963498
27868858	15	30.963923
27869088	15	30.965836
27869712	15	30.973571
27870183	15	30.979704
27870622	15	30.990971
27871229	15	31.006345
27871414	15	31.011008
27871603	15	31.013659
27871958	15	31.018630
27871975	15	31.018868
27872136	15	31.018977
27872152	15	31.018987
27872235	15	31.019041
27873562	15	31.019874
27873614	15	31.019906
27873755	15	31.019994
27873869	15	31.020064
27874394	15	31.020402
27874675	15	31.020582
27874832	15	31.020683
27876256	15	31.021597
27876543	15	31.025936
27876795	15	31.031045
27877061	15	31.037263
27877098	15	31.038129
27877127	15	31.038807
27877319	15	31.043296
27877352	15	31.043865
27878591	15	31.065236
27878748	15	31.065377
27878901	15	31.065499
27879276	15	31.065878
27879304	15	31.065965
27879458	15	31.066695
27879485	15	31.066823
27879515	15	31.066966
27879534	15	31.067087
27880110	15	31.073334
27880233	15	31.074668
27880297	15	31.075424
27880467	15	31.077438
27880721	15	31.080449
27881294	15	31.087244
27881836	15	31.096038
27882122	15	31.100675
27882404	15	31.104018
27882697	15	31.104736
27882821	15	31.105039
27882962	15	31.105266
27883641	15	31.105938
27883744	15	31.106040
27886016	15	31.108289
27887347	15	31.109611
27889242	15	31.111701
27890300	15	31.113415
27890359	15	31.113511
27890491	15	31.113781
27890589	15	31.114005
27890683	15	31.114233
27890843	15	31.114620
27891214	15	31.115501
27891228	15	31.115534
27891370	15	31.115873
27891551	15	31.116323
27891687	15	31.116706
27891784	15	31.117628
27891806	15	31.117791
27892111	15	31.119011
27892254	15	31.119696
27892397	15	31.120380
27892465	15	31.120706
27892569	15	31.121096
27892688	15	31.121425
27894691	15	31.125713
27896561	15	31.127184
27897313	15	31.127469
27898527	15	31.127828
27904793	15	31.129525
27904943	15	31.129608
27905337	15	31.129981
27909168	15	31.133059
27910050	15	31.133840
27910303	15	31.134052
27910518	15	31.134268
27910635	15	31.134390
27910697	15	31.134456
27910731	15	31.134493
27910813	15	31.134580
27910951	15	31.134726
27911291	15	31.135118
27911334	15	31.135171
27911483	15	31.135354
27911645	15	31.135554
27911949	15	31.135928
27912303	15	31.136242
27912344	15	31.136279
27912410	15	31.136338
27912483	15	31.136402
27913163	15	31.136870
27913990	15	31.137439
27914565	15	31.138042
27914883	15	31.139431
27914884	15	31.139431
27916934	15	31.140846
27917979	15	31.141567
27918623	15	31.142011
27920348	15	31.143204
27923059	15	31.145078
27923343	15	31.145274
27925496	15	31.149657
27925796	15	31.150267
27925836	15	31.150348
27925905	15	31.150489
27926499	15	31.151700
27926634	15	31.151977
27927711	15	31.154201
27928438	15	31.157033
27928794	15	31.167070
27929091	15	31.179814
27929124	15	31.181231
27929147	15	31.182218
27929190	15	31.184063
27929228	15	31.185648
27929314	15	31.188166
27929417	15	31.190209
27929460	15	31.191061
27929745	15	31.196698
27929805	15	31.197848
27929845	15	31.198380
27929860	15	31.198443
27930216	15	31.198915
27930441	15	31.199213
27930728	15	31.199595
27932311	15	31.201702
27932327	15	31.201724
27932331	15	31.201730
27932744	15	31.202301
27932902	15	31.203008
27933695	15	31.203765
27933949	15	31.204010
27934083	15	31.204134
27934122	15	31.204167
27934503	15	31.204455
27934756	15	31.204620
27934974	15	31.204747
27935236	15	31.204891
27935374	15	31.204960
27935424	15	31.204984
27935488	15	31.205014
27935890	15	31.205192
27935992	15	31.205265
27936763	15	31.206027
27937153	15	31.206298
27940159	15	31.207663
27940339	15	31.207745
27940854	15	31.207985
27941598	15	31.208355
27941897	15	31.208543
27943294	15	31.209733
27943418	15	31.209834
27944247	15	31.210484
27944424	15	31.210653
27945323	15	31.212304
27946647	15	31.214725
27947166	15	31.215726
27947415	15	31.216235
27947943	15	31.217324
27948277	15	31.218082
27949040	15	31.220253
27949118	15	31.220534
27949281	15	31.221208
27949932	15	31.224283
27949941	15	31.224327
27950327	15	31.226276
27950571	15	31.227497
27951907	15	31.234142
27952681	15	31.235367
27953883	15	31.236272
27959300	15	31.239884
27959572	15	31.240066
27959709	15	31.240158
27959855	15	31.240258
27960322	15	31.240577
27960490	15	31.240692
27960555	15	31.240741
27962384	15	31.242319
27962496	15	31.242570
27962944	15	31.243620
27963180	15	31.244179
27963828	15	31.245717
27964756	15	31.248022
27964811	15	31.248162
27965790	15	31.250727
27968498	15	31.258433
27969055	15	31.263168
27969566	15	31.267511
27969619	15	31.267962
27970119	15	31.272213
27970264	15	31.273446
27970953	15	31.279303
27971639	15	31.285134
27971945	15	31.287735
27972055	15	31.288670
27973398	15	31.300084
27974920	15	31.313012
27975492	15	31.317845
27975778	15	31.320261
27975935	15	31.321588
27976597	15	31.327181
27977187	15	31.332166
27977308	15	31.333013
27977498	15	31.334212
27977779	15	31.335926
27978354	15	31.339411
27978634	15	31.341106
27979425	15	31.341857
27979567	15	31.341991
27979625	15	31.342046
27979843	15	31.342252
27980012	15	31.342409
27980036	15	31.342431
27980106	15	31.342493
27981915	15	31.344085
27982146	15	31.344295
27982890	15	31.345013
27982953	15	31.345120
27984185	15	31.348501
27984372	15	31.348994
27985198	15	31.351216
27985372	15	31.351438
27985614	15	31.351644
27987988	15	31.353489
27988078	15	31.353560
27988096	15	31.353574
27988150	15	31.353618
27988340	15	31.353773
27988932	15	31.354268
27990438	15	31.355550
27990803	15	31.355868
27990992	15	31.356040
27991646	15	31.356661
27991724	15	31.356736
27992008	15	31.357012
27992738	15	31.357724
27993456	15	31.358426
27994030	15	31.358986
27994731	15	31.369552
27995513	15	31.389852
27995617	15	31.392550
27995705	15	31.394823
27997247	15	31.413914
27997804	15	31.416724
27997900	15	31.417190
27998303	15	31.419051
27999442	15	31.420129
27999836	15	31.420454
28000484	15	31.420969
28001017	15	31.421392
28001365	15	31.421669
28001858	15	31.422059
28002027	15	31.422166
28002059	15	31.422182
28003335	15	31.422633
28003789	15	31.422793
28004804	15	31.423150
28006306	15	31.423677
28007476	15	31.424088
28008659	15	31.424504
28009556	15	31.424818
28011168	15	31.425383
28011651	15	31.425553
28011894	15	31.425638
28012253	15	31.425848
28013600	15	31.431363
28014072	15	31.435160
28014104	15	31.435487
28016301	15	31.464126
28016565	15	31.467568
28016623	15	31.468328
28017275	15	31.476869
28017436	15	31.478914
28018655	15	31.480034
28019030	15	31.480357
28019317	15	31.480597
28020388	15	31.481464
28020895	15	31.481873
28021503	15	31.482374
28021888	15	31.482789
28021961	15	31.482878
28022360	15	31.483496
28023061	15	31.483556
28025222	15	31.483724
28026935	15	31.483773
28027100	15	31.483776
28028248	15	31.483790
28029490	15	31.483804
28030000	15	31.483810
28030158	15	31.483812
28033725	15	31.483853
28034909	15	31.483867
28035892	15	31.483878
28037785	15	31.483900
28038037	15	31.483906
28039251	15	31.483951
28040221	15	31.485510
28040342	15	31.485869
28040757	15	31.486142
28041803	15	31.486672
28041904	15	31.486723
28041927	15	31.486736
28041939	15	31.486744
28042154	15	31.486902
28042432	15	31.487699
28043390	15	31.493863
28044113	15	31.495363
28044229	15	31.495503
28044300	15	31.495588
28044435	15	31.495707
28044542	15	31.495837
28045515	15	31.497060
28047769	15	31.497236
28048192	15	31.497267
28048313	15	31.497275
28048735	15	31.497305
28049304	15	31.497344
28049511	15	31.497362
28050584	15	31.497480
28050690	15	31.497494
28051582	15	31.497615
28051624	15	31.497626
28052074	15	31.497983
28052299	15	31.498154
28052654	15	31.498211
28053483	15	31.498223
28053557	15	31.498224
28053778	15	31.498228
28054144	15	31.498234
28054346	15	31.498924
28055532	15	31.498954
28056512	15	31.498979
28057594	15	31.499727
28057850	15	31.499914
28057863	15	31.499924
28058908	15	31.500635
28060191	15	31.500661
28060629	15	31.500671
28063878	15	31.501139
28065086	15	31.501317
28065341	15	31.501330
28069068	15	31.501576
28070441	15	31.501668
28070740	15	31.501689
28071567	15	31.501746
28071687	15	31.501755
28071933	15	31.501772
28071960	15	31.501774
28072157	15	31.501788
28072228	15	31.501793
28072895	15	31.501842
28073054	15	31.501854
28073481	15	31.501885
28074820	15	31.502413
28075150	15	31.502543
28076829	15	31.502710
28077160	15	31.502735
28077308	15	31.502747
28077962	15	31.502796
28078436	15	31.502833
28079860	15	31.502941
28080061	15	31.502958
28080166	15	31.503179
28080367	15	31.504712
28080584	15	31.505376
28080692	15	31.505572
28080860	15	31.505868
28082022	15	31.506019
28082170	15	31.506073
28082218	15	31.506120
28082251	15	31.506186
28082829	15	31.507973
28083207	15	31.511540
28083423	15	31.513578
28084084	15	31.514925
28084180	15	31.515001
28085138	15	31.515267
28085200	15	31.515286
28086396	15	31.515672
28086581	15	31.515725
28086737	15	31.515761
28087447	15	31.515891
28088778	15	31.516088
28089226	15	31.516154
28089565	15	31.516413
28090173	15	31.516880
28090832	15	31.516989
28090887	15	31.516999
28091004	15	31.517022
28091245	15	31.517076
28091290	15	31.517087
28091488	15	31.517142
28091701	15	31.517206
28091783	15	31.517232
28092581	15	31.517511
28092600	15	31.517517
28093282	15	31.517749
28093434	15	31.517799
28093586	15	31.517847
28094765	15	31.518201
28096321	15	31.518660
28096349	15	31.518669
28096453	15	31.518699
28096538	15	31.518724
28096842	15	31.518813
28097053	15	31.518875
28097085	15	31.518885
28097278	15	31.518941
28100576	15	31.519907
28100793	15	31.519971
28100943	15	31.520015
28101137	15	31.520071
28101208	15	31.520092
28106587	15	31.521663
28108021	15	31.522042
28108311	15	31.522101
28108978	15	31.522192
28109154	15	31.522214
28110698	15	31.522390
28111746	15	31.522510
28112708	15	31.523209
28112723	15	31.523220
28113140	15	31.523271
28113661	15	31.523330
28113739	15	31.523337
28114231	15	31.523376
28114274	15	31.523379
28114289	15	31.523380
28114325	15	31.523382
28114601	15	31.523399
28114851	15	31.523413
28115061	15	31.523425
28115084	15	31.523427
28115383	15	31.523444
28116173	15	31.523490
28116275	15	31.523512
28117422	15	31.523951
28117507	15	31.523984
28117690	15	31.524054
28118248	15	31.524267
28118444	15	31.524342
28119378	15	31.524394
28119403	15	31.524395
28119407	15	31.524396
28120208	15	31.524438
28120566	15	31.524457
28120609	15	31.524459
28120713	15	31.524464
28120747	15	31.524466
28121265	15	31.524494
28121859	15	31.524527
28125122	15	31.524710
28126173	15	31.524768
28127373	15	31.524832
28129723	15	31.524952
28130641	15	31.524998
28130862	15	31.525008
28131633	15	31.525046
28132043	15	31.525065
28132430	15	31.525083
28132845	15	31.525100
28133374	15	31.525121
28133747	15	31.525135
28133891	15	31.525140
28134214	15	31.525151
28136206	15	31.525211
28136901	15	31.525232
28137310	15	31.525244
28137523	15	31.525250
28139363	15	31.525304
28139860	15	31.525318
28140653	15	31.525342
28140844	15	31.525348
28140894	15	31.525350
28141304	15	31.525376
28142608	15	31.526063
28144372	15	31.526717
28144976	15	31.527504
28144998	15	31.527533
28145024	15	31.527567
28145050	15	31.527601
28145070	15	31.527627
28145409	15	31.528069
28145420	15	31.528083
28145741	15	31.528502
28145798	15	31.528576
28146793	15	31.529872
28147206	15	31.529931
28147460	15	31.529969
28147616	15	31.530000
28147739	15	31.530042
28147860	15	31.530108
28147942	15	31.530152
28148237	15	31.530296
28148601	15	31.531176
28148689	15	31.531295
28148737	15	31.531353
28149121	15	31.531783
28149697	15	31.532428
28149922	15	31.532889
28150561	15	31.532923
28150642	15	31.532925
28150846	15	31.532927
28151005	15	31.532929
28151062	15	31.534591
28151351	15	31.543020
28151698	15	31.543023
28151939	15	31.543025
28152542	15	31.543030
28152598	15	31.543030
28152673	15	31.543031
28152810	15	31.543032
28153328	15	31.543036
28153593	15	31.543038
28154756	15	31.543047
28154764	15	31.543047
28154841	15	31.543184
28154931	15	31.543353
28155010	15	31.543501
28155103	15	31.543547
28155193	15	31.543549
28155229	15	31.543549
28155530	15	31.543555
28155920	15	31.543562
28156661	15	31.543576
28157259	15	31.543587
28157501	15	31.543591
28158075	15	31.543602
28158383	15	31.543609
28158447	15	31.543610
28158744	15	31.543616
28158895	15	31.543619
28160564	15	31.543658
28160983	15	31.543984
28161100	15	31.544075
28161482	15	31.544372
28161945	15	31.544385
28162803	15	31.544413
28162850	15	31.544416
28162893	15	31.544420
28163991	15	31.544564
28164468	15	31.544663
28164541	15	31.544759
28165879	15	31.544897
28166267	15	31.544932
28166373	15	31.544941
28166759	15	31.544972
28169456	15	31.545186
28169598	15	31.545196
28170118	15	31.545230
28170394	15	31.545247
28170551	15	31.545257
28170694	15	31.545265
28170738	15	31.545268
28171128	15	31.545290
28171294	15	31.545300
28171670	15	31.545322
28173529	15	31.545430
28173631	15	31.545439
28174232	15	31.545506
28174801	15	31.545574
28175057	15	31.545606
28175437	15	31.545655
28175899	15	31.545725
28176275	15	31.546520
28176407	15	31.546538
28176828	15	31.546598
28176949	15	31.546643
28177228	15	31.547224
28177413	15	31.547292
28177737	15	31.547411
28177872	15	31.547472
28177906	15	31.548704
28178835	15	31.609562
28178868	15	31.611724
28179306	15	31.640417
28179603	15	31.659873
28179676	15	31.664637
28179879	15	31.677723
28179900	15	31.679077
28180102	15	31.685691
28180137	15	31.686837
28180200	15	31.687400
28181981	15	31.689292
28182306	15	31.689569
28182364	15	31.689603
28182715	15	31.689723
28183354	15	31.689812
28183969	15	31.689890
28184125	15	31.689910
28184527	15	31.689960
28184872	15	31.690004
28184925	15	31.690010
28185038	15	31.690024
28185473	15	31.690079
28186015	15	31.690149
28186460	15	31.690268
28186658	15	31.690882
28186985	15	31.697222
28187772	15	31.712477
28189004	15	31.735056
28192224	15	31.738209
28192708	15	31.738309
28194482	15	31.738619
28196821	15	31.739030
28196885	15	31.739042
28196906	15	31.739045
28197024	15	31.739067
28197037	15	31.739069
28198567	15	31.739354
28199118	15	31.739484
28199305	15	31.739561
28199853	15	31.739848
28200042	15	31.739967
28200408	15	31.740308
28200654	15	31.740956
28201001	15	31.741737
28201539	15	31.741921
28202573	15	31.742248
28202625	15	31.742262
28205564	15	31.743010
28208017	15	31.743417
28208434	15	31.743492
28211758	15	31.744211
28211921	15	31.744236
28213850	15	31.744381
28214148	15	31.744396
28214759	15	31.744420
28216857	15	31.744500
28220747	15	31.744657
28221036	15	31.744668
28221138	15	31.744673
28221329	15	31.744681
28222780	15	31.744742
28223372	15	31.744766
28223573	15	31.744775
28223836	15	31.744786
28226541	15	31.744902
28226949	15	31.744929
28227044	15	31.744941
28227263	15	31.744983
28228644	15	31.745311
28229255	15	31.745458
28229410	15	31.745496
28229695	15	31.745578
28230097	15	31.745788
28230184	15	31.745838
28231279	15	31.746957
28231357	15	31.747006
28231793	15	31.747273
28233207	15	31.748134
28234191	15	31.748736
28234410	15	31.748948
28234629	15	31.749429
28235773	15	31.751937
28237566	15	31.752680
28237909	15	31.752717
28239301	15	31.752811
28239710	15	31.752838
28239735	15	31.752840
28240304	15	31.752878
28244985	15	31.753195
28246990	15	31.753331
28249585	15	31.757075
28250009	15	31.757718
28250156	15	31.757909
28257571	15	31.761202
28259863	15	31.762227
28260309	15	31.763169
28263628	15	31.770236
28264854	15	31.772849
28266235	15	31.781300
28267027	15	31.794818
28267338	15	31.800501
28268636	15	31.815965
28268990	15	31.818962
28269008	15	31.819065
28269155	15	31.819159
28271452	15	31.820618
28271711	15	31.820783
28271775	15	31.820823
28272065	15	31.820948
28272324	15	31.821040
28273350	15	31.821378
28274260	15	31.821678
28274457	15	31.821743
28274985	15	31.821917
28275188	15	31.821985
28275331	15	31.822032
28276031	15	31.822264
28276236	15	31.822332
28276539	15	31.822433
28276686	15	31.822483
28276762	15	31.822508
28276980	15	31.822582
28277001	15	31.822589
28277060	15	31.822609
28278276	15	31.823021
28278606	15	31.823133
28280062	15	31.823622
28280835	15	31.823882
28281765	15	31.824293
28282062	15	31.824442
28282096	15	31.824459
28282741	15	31.825871
28283441	15	31.827411
28283507	15	31.827556
28283689	15	31.827697
28285284	15	31.828333
28286117	15	31.828665
28286793	15	31.828935
28286994	15	31.829027
28287025	15	31.829049
28287344	15	31.829356
28288102	15	31.830135
28288121	15	31.830155
28288549	15	31.830271
28288748	15	31.830322
28291812	15	31.831092
28292178	15	31.831184
28293788	15	31.831589
28294187	15	31.831691
28294922	15	31.831880
28296425	15	31.832278
28297376	15	31.834053
28297894	15	31.835572
28298033	15	31.835654
28298057	15	31.835665
28298072	15	31.835672
28298310	15	31.835755
28298619	15	31.835859
28299065	15	31.836007
28299087	15	31.836014
28299253	15	31.836068
28299322	15	31.836091
28299416	15	31.836122
28299454	15	31.836135
28299474	15	31.836141
28299608	15	31.836186
28300649	15	31.836530
28301053	15	31.836663
28301957	15	31.836962
28302037	15	31.836988
28302088	15	31.837005
28302952	15	31.837290
28303622	15	31.839201
28303863	15	31.839888
28304335	15	31.841233
28304344	15	31.841257
28304987	15	31.842893
28305027	15	31.842945
28305483	15	31.843528
28305500	15	31.843541
28307390	15	31.844898
28310974	15	31.847018
28316646	15	31.850315
28318852	15	31.851601
28319207	15	31.851829
28319862	15	31.852356
28320683	15	31.853683
28323770	15	31.857463
28327625	15	31.871802
28327835	15	31.873777
28328733	15	31.882405
28328765	15	31.882578
28328902	15	31.883032
28330368	15	31.887217
28332533	15	31.892982
28335820	15	31.901351
28338713	15	31.910047
28344238	15	31.926837
28355655	15	31.961619
28355991	15	31.962999
28356130	15	31.963084
28356349	15	31.963216
28356496	15	31.963302
28357230	15	31.963736
28359258	15	31.963779
28361040	15	31.963800
28361142	15	31.963801
28361764	15	31.963808
28362459	15	31.963817
28364954	15	31.964287
28365088	15	31.964295
28365431	15	31.964299
28365618	15	31.964299
28365733	15	31.964300
28366190	15	31.964301
28367351	15	31.964305
28368858	15	31.964309
28368969	15	31.964310
28368995	15	31.964310
28370554	15	31.964315
28372445	15	31.964321
28373334	15	31.964323
28374012	15	31.964326
28375872	15	31.964332
28376224	15	31.964361
28376910	15	31.964770
28377772	15	31.964798
28382507	15	31.964826
28382772	15	31.964859
28386626	15	31.965872
28389508	15	31.967474
28390589	15	31.968095
28390665	15	31.968147
28390901	15	31.968488
28390926	15	31.968522
28392714	15	31.970853
28394074	15	31.972279
28396894	15	31.972317
28406306	15	31.972436
28408573	15	31.972466
28411167	15	31.972503
28412447	15	31.972518
28414665	15	31.972548
28415850	15	31.972592
28416205	15	31.972606
28422026	15	31.972834
28425771	15	31.972981
28427916	15	31.973066
28427986	15	31.973069
28433404	15	31.973294
28434856	15	31.973356
28435569	15	31.973402
28436596	15	31.973510
28436742	15	31.973520
28437441	15	31.973550
28438108	15	31.973577
28438350	15	31.973586
28440287	15	31.973661
28443658	15	31.973788
28445053	15	31.973839
28449369	15	31.973996
28453215	15	31.974121
28462241	15	31.974380
28464920	15	31.974447
28467935	15	31.974521
28467970	15	31.974522
28468723	15	31.974538
28469295	15	31.974550
28475370	15	31.974661
28475470	15	31.974663
28476945	15	31.974690
28483543	15	31.974811
28487329	15	31.974881
28488888	15	31.974909
28490368	15	31.974937
28493472	15	31.974994
28494032	15	31.975004
28494202	15	31.975015
28495853	15	31.975479
28496195	15	31.975575
28502279	15	31.975654
28502744	15	31.975663
28504318	15	31.975692
28504669	15	31.975698
28505365	15	31.975708
28506450	15	31.975723
28506833	15	31.975729
28507100	15	31.975735
28509839	15	31.975788
28510895	15	31.975818
28513364	15	31.975910
28513513	15	31.975915
28514281	15	31.975948
28516084	15	31.976028
28517969	15	31.976114
28518569	15	31.976143
28519269	15	31.976187
28520506	15	31.976268
28520554	15	31.976283
28522602	15	31.976909
28522684	15	31.976922
28526228	15	31.977114
28530182	15	31.977326
28530359	15	31.977336
28531260	15	31.977384
28532120	15	31.977448
28532639	15	31.977537
28535266	15	31.978394
28535675	15	31.978452
28539834	15	31.978639
28544359	15	31.978852
28554294	15	31.980678
28558338	15	31.981421
28559187	15	31.981650
28560645	15	31.982043
28561049	15	31.982200
28879585	15	32.353862
28940051	15	32.420375
28957120	15	32.439253
28958739	15	32.441042
28959384	15	32.441752
28961535	15	32.444112
28962540	15	32.445213
28963100	15	32.445827
28966679	15	32.449744
28969573	15	32.453045
28969665	15	32.453167
28973034	15	32.458422
28999168	15	32.505302
29005675	15	32.517583
29006093	15	32.521584
29010296	15	32.562814
29012155	15	32.581050
29013117	15	32.582492
29013164	15	32.582556
29019965	15	32.590883
29030398	15	32.602268
29030498	15	32.602377
29032581	15	32.604640
29047812	15	32.621253
29050198	15	32.624743
29052021	15	32.627468
29052034	15	32.627488
29054670	15	32.631611
29055927	15	32.633610
29056529	15	32.634568
29057408	15	32.636000
29057655	15	32.636443
29058298	15	32.637758
29211558	15	32.938983
29212947	15	32.941336
29217062	15	32.947462
29217632	15	32.947881
29218720	15	32.948678
29221599	15	32.949435
29223282	15	32.949999
29225400	15	32.951321
29225885	15	32.952159
29227152	15	32.954420
29227313	15	32.954709
29227382	15	32.954834
29229794	15	32.959179
29230860	15	32.959371
29234703	15	32.960035
29234864	15	32.960064
29234926	15	32.960077
29235079	15	32.960112
29235279	15	32.960160
29235328	15	32.960174
29235707	15	32.960304
29235718	15	32.960309
29236139	15	32.960477
29236233	15	32.960509
29236267	15	32.960519
29236288	15	32.960524
29236344	15	32.960536
29236374	15	32.960542
29236524	15	32.960571
29236593	15	32.960583
29236675	15	32.960595
29237058	15	32.960649
29237421	15	32.961408
29238108	15	32.961510
29238202	15	32.961523
29238339	15	32.961542
29238573	15	32.961573
29238580	15	32.961573
29239474	15	32.961692
29239510	15	32.961696
29239817	15	32.961737
29239991	15	32.961761
29240836	15	32.961878
29241576	15	32.962468
29242164	15	32.962744
29242229	15	32.962774
29243218	15	32.963228
29244373	15	32.964258
29245130	15	32.964934
29246657	15	32.966861
29247029	15	32.967330
29247469	15	32.967726
29247534	15	32.967784
29247691	15	32.967927
29247749	15	32.967965
29247914	15	32.968075
29247924	15	32.968082
29248003	15	32.968128
29248468	15	32.968388
29248489	15	32.968398
29249490	15	32.968796
29249949	15	32.968925
29249993	15	32.968933
29251601	15	32.969109
29251697	15	32.969119
29252957	15	32.969250
29253888	15	32.969347
29255744	15	32.970201
29255799	15	32.970226
29256096	15	32.970364
29256158	15	32.970393
29256616	15	32.970606
29256620	15	32.970608
29259422	15	32.971923
29259606	15	32.972019
29261716	15	32.973169
29263506	15	32.974143
29264506	15	32.974316
29266154	15	32.974537
29266171	15	32.974539
29266559	15	32.974589
29266642	15	32.974600
29267323	15	32.974686
29267878	15	32.974756
29268550	15	32.974841
29268732	15	32.974864
29269681	15	32.974985
29270500	15	32.975094
29271013	15	32.975172
29274559	15	32.975809
29274824	15	32.975889
29275751	15	32.976527
29276878	15	32.977289
29278316	15	32.978262
29279122	15	32.978806
29281971	15	32.980733
29282590	15	32.981169
29283766	15	32.984934
29283914	15	32.985375
29284059	15	32.985796
29284113	15	32.985948
29284241	15	32.986304
29286504	15	32.987068
29286832	15	32.987152
29286898	15	32.987164
29286939	15	32.987170
29287028	15	32.987179
29288022	15	32.987274
29288420	15	32.987898
29289312	15	32.987970
29289473	15	32.987982
29289503	15	32.987985
29289589	15	32.987991
29290474	15	32.988049
29290663	15	32.988061
29290816	15	32.988071
29293324	15	32.988232
29294047	15	32.988279
29294180	15	32.988287
29294522	15	32.988309
29294704	15	32.988321
29295477	15	32.988371
29295646	15	32.988384
29295870	15	32.988407
29295943	15	32.988416
29296505	15	32.988502
29296829	15	32.988603
29296842	15	32.988608
29296850	15	32.988611
29296859	15	32.988615
29297468	15	32.988939
29298583	15	32.989510
29299012	15	32.989644
29299760	15	32.989878
29299858	15	32.989897
29303531	15	32.990263
29303803	15	32.990650
29303996	15	32.990891
29305373	15	32.991031
29305437	15	32.991037
29307904	15	32.991290
29309360	15	32.992964
29309891	15	32.993625
29309931	15	32.993656
29310138	15	32.993693
29310663	15	32.993715
29310720	15	32.993717
29314772	15	32.993758
29314782	15	32.993758
29315315	15	32.993764
29315344	15	32.993764
29315604	15	32.993767
29315794	15	32.993780
29316466	15	32.994750
29316737	15	32.995141
29316878	15	32.995227
29316895	15	32.995234
29317011	15	32.995267
29317103	15	32.995288
29317460	15	32.995349
29317850	15	32.995416
29318544	15	32.995542
29318648	15	32.995572
29323273	15	32.997605
29324853	15	32.997926
29325421	15	32.998041
29325866	15	32.998127
29327352	15	32.998417
29327883	15	32.998522
29328870	15	32.998717
29329233	15	32.998875
29330054	15	32.999492
29330591	15	33.000151
29331898	15	33.001848
29332198	15	33.002024
29332275	15	33.002069
29332395	15	33.002126
29332586	15	33.002201
29333026	15	33.002327
29333200	15	33.002355
29334024	15	33.002463
29334291	15	33.002499
29334760	15	33.002560
29334963	15	33.002587
29335139	15	33.002610
29335301	15	33.002631
29335474	15	33.002654
29336605	15	33.002804
29338209	15	33.058180
29338326	15	33.065309
29338502	15	33.076064
29339209	15	33.119265
29339499	15	33.136981
29339947	15	33.153764
29341605	15	33.156780
29342107	15	33.157687
29343628	15	33.159993
29343792	15	33.160141
29345896	15	33.161191
29346606	15	33.161547
29347019	15	33.161755
29348326	15	33.162410
29348457	15	33.162460
29350072	15	33.162873
29350412	15	33.162956
29351561	15	33.163229
29352665	15	33.163489
29354847	15	33.164001
29357554	15	33.164638
29358967	15	33.165108
29359948	15	33.165795
29360401	15	33.166191
29362165	15	33.167824
29362214	15	33.167869
29362955	15	33.168509
29367617	15	33.172525
29368316	15	33.173126
29368515	15	33.173300
29368537	15	33.173319
29370178	15	33.174814
29370947	15	33.175240
29374218	15	33.175976
29376774	15	33.176558
29378674	15	33.176991
29378816	15	33.177026
29379254	15	33.177144
29379764	15	33.177318
29380123	15	33.177642
29380784	15	33.178659
29381175	15	33.179403
29381801	15	33.182494
29382463	15	33.185978
29382828	15	33.187913
29383069	15	33.189193
29383916	15	33.193693
29383972	15	33.193981
29384350	15	33.194695
29384362	15	33.194712
29384951	15	33.195305
29385099	15	33.195440
29385149	15	33.195476
29385204	15	33.195503
29386016	15	33.195728
29386278	15	33.195801
29386593	15	33.195888
29386733	15	33.195927
29389024	15	33.196561
29389354	15	33.196652
29390183	15	33.196880
29392150	15	33.197421
29393069	15	33.197673
29396321	15	33.198565
29397345	15	33.202995
29398914	15	33.217473
29399597	15	33.223788
29400009	15	33.227596
29402338	15	33.248590
29404545	15	33.250455
29404865	15	33.250727
29405375	15	33.251165
29405523	15	33.251293
29406340	15	33.252003
29406546	15	33.252187
29406611	15	33.252246
29406697	15	33.252326
29407508	15	33.253088
29407918	15	33.254006
29408046	15	33.254304
29408237	15	33.254852
29408887	15	33.256983
29410073	15	33.263979
29410238	15	33.264366
29410553	15	33.264905
29410578	15	33.264947
29410589	15	33.264966
29410723	15	33.265191
29411070	15	33.265767
29411326	15	33.266192
29412047	15	33.267388
29412079	15	33.267474
29412344	15	33.268457
29412402	15	33.268673
29412566	15	33.269283
29412629	15	33.269518
29412951	15	33.270724
29413063	15	33.271142
29413095	15	33.271252
29413678	15	33.272479
29414237	15	33.273548
29414546	15	33.274138
29414884	15	33.274782
29415560	15	33.276068
29415698	15	33.276333
29416901	15	33.278699
29417057	15	33.279032
29417099	15	33.279131
29417148	15	33.279258
29417536	15	33.280364
29417662	15	33.280724
29418115	15	33.282023
29418331	15	33.282645
29418574	15	33.283346
29418745	15	33.283834
29418987	15	33.284423
29419270	15	33.284995
29419891	15	33.286178
29419895	15	33.286185
29420188	15	33.286746
29420381	15	33.287644
29421014	15	33.294165
29421054	15	33.294773
29424755	15	33.371783
29424836	15	33.373468
29425240	15	33.381875
29426247	15	33.402870
29429017	15	33.460622
29429088	15	33.461516
29429346	15	33.462764
29431765	15	33.474394
29431821	15	33.474664
29432182	15	33.476406
29434029	15	33.485287
29436224	15	33.495830
29438152	15	33.505090
29438477	15	33.505988
29441017	15	33.508524
29442204	15	33.514552
29442374	15	33.516120
29442439	15	33.516726
29442525	15	33.517528
29442657	15	33.518762
29442791	15	33.520014
29443122	15	33.522731
29443267	15	33.522780
29443314	15	33.522793
29443336	15	33.522798
29443392	15	33.522814
29443426	15	33.522828
29443474	15	33.522870
29443503	15	33.522905
29443548	15	33.522980
29443707	15	33.523413
29443762	15	33.523421
29443857	15	33.523423
29443949	15	33.523425
29444078	15	33.523429
29444156	15	33.523431
29444332	15	33.523435
29444370	15	33.523436
29444493	15	33.523439
29444662	15	33.523443
29445007	15	33.523452
29445035	15	33.523462
29445681	15	33.523962
29445702	15	33.523973
29446620	15	33.524614
29447049	15	33.525951
29447147	15	33.526272
29447887	15	33.528666
29448057	15	33.531229
29448137	15	33.535416
29449345	15	33.598755
29449729	15	33.618890
29450276	15	33.647570
29450344	15	33.649779
29450927	15	33.655485
29451046	15	33.655677
29451098	15	33.655761
29451264	15	33.656030
29451613	15	33.656633
29451629	15	33.656655
29452178	15	33.657139
29452379	15	33.657296
29453000	15	33.657723
29453505	15	33.657977
29454634	15	33.658435
29454669	15	33.658446
29460393	15	33.659701
29461343	15	33.660107
29461470	15	33.661363
29461533	15	33.662323
29462834	15	33.687548
29463112	15	33.693924
29464042	15	33.715250
29464133	15	33.716204
29464390	15	33.719020
29464881	15	33.724398
29465115	15	33.726999
29465176	15	33.727676
29465210	15	33.728051
29465243	15	33.728412
29465428	15	33.730423
29467353	15	33.751321
29467472	15	33.752393
29467583	15	33.752627
29467605	15	33.752681
29467622	15	33.752721
29467747	15	33.753054
29468664	15	33.755685
29468794	15	33.755992
29468888	15	33.756193
29469221	15	33.756897
29469236	15	33.756928
29469871	15	33.758131
29474703	15	33.759021
29478962	15	33.759467
29479038	15	33.759475
29482443	15	33.759831
29483650	15	33.760630
29483735	15	33.760648
29483810	15	33.760657
29484171	15	33.760695
29484213	15	33.760699
29484716	15	33.760753
29485311	15	33.760817
29485336	15	33.760819
29485826	15	33.760874
29486588	15	33.760961
29488241	15	33.761204
29489068	15	33.761555
29490217	15	33.762087
29491711	15	33.762572
29493154	15	33.763042
29494394	15	33.763455
29496627	15	33.764523
29496834	15	33.764632
29496888	15	33.764659
29497885	15	33.765157
29498865	15	33.765645
29499037	15	33.766044
29499492	15	33.767136
29499561	15	33.767317
29499576	15	33.767361
29500246	15	33.769404
29500299	15	33.769533
29501220	15	33.771101
29502957	15	33.774055
29504437	15	33.776356
29505054	15	33.777145
29507078	15	33.777357
29508833	15	33.777540
29512697	15	33.777949
29515658	15	33.778724
29515693	15	33.778733
29516232	15	33.778876
29516408	15	33.778924
29516635	15	33.778985
29517620	15	33.779251
29518889	15	33.779595
29519164	15	33.779669
29519813	15	33.780556
29521213	15	33.780922
29521322	15	33.780950
29521751	15	33.781056
29522231	15	33.781171
29523475	15	33.781444
29523992	15	33.781549
29525144	15	33.781770
29525591	15	33.781851
29525855	15	33.781896
29526279	15	33.781965
29526725	15	33.783220
29526921	15	33.783771
29526971	15	33.783782
29527212	15	33.783832
29527837	15	33.783964
29528216	15	33.784273
29528229	15	33.784285
29528928	15	33.785063
29529018	15	33.785177
29529753	15	33.786500
29530483	15	33.787832
29531333	15	33.789001
29531378	15	33.789062
29533378	15	33.791703
29534680	15	33.796277
29535308	15	33.796381
29535970	15	33.796451
29536173	15	33.796472
29536192	15	33.796474
29536453	15	33.796501
29536945	15	33.796552
29537186	15	33.796577
29537602	15	33.796621
29539657	15	33.796840
29540199	15	33.797050
29540263	15	33.797075
29540417	15	33.797136
29541111	15	33.797411
29542532	15	33.797947
29542774	15	33.798120
29542955	15	33.798304
29542977	15	33.798327
29543112	15	33.798471
29543192	15	33.798546
29544523	15	33.799606
29544656	15	33.799713
29545128	15	33.800644
29546333	15	33.801623
29547310	15	33.802119
29548483	15	33.804584
29548569	15	33.804613
29548720	15	33.804654
29549235	15	33.804773
29550515	15	33.805065
29550819	15	33.805135
29551145	15	33.805210
29551374	15	33.805262
29551464	15	33.805283
29551632	15	33.805321
29551684	15	33.805333
29552556	15	33.805533
29552843	15	33.805599
29553262	15	33.805696
29553323	15	33.805710
29553368	15	33.805720
29553682	15	33.805792
29553759	15	33.805810
29554751	15	33.806037
29554915	15	33.806075
29555017	15	33.806100
29555513	15	33.806224
29555686	15	33.806282
29555737	15	33.806305
29556567	15	33.807019
29558858	15	33.809440
29559399	15	33.810071
29559436	15	33.810113
29559600	15	33.810294
29562100	15	33.812964
29562640	15	33.813540
29564635	15	33.815625
29567212	15	33.825161
29568587	15	33.830245
29570118	15	33.831865
29570218	15	33.831971
29570728	15	33.832511
29571426	15	33.840980
29572716	15	33.842582
29572773	15	33.842660
29572864	15	33.842785
29573383	15	33.843625
29573617	15	33.844000
29573699	15	33.844050
29573780	15	33.844089
29573857	15	33.844116
29573894	15	33.844125
29574030	15	33.844147
29574251	15	33.844166
29574439	15	33.844182
29574961	15	33.844223
29575836	15	33.844293
29576072	15	33.844504
29576453	15	33.844902
29577446	15	33.847442
29577655	15	33.847737
29579411	15	33.848086
29580148	15	33.848230
29580538	15	33.848307
29582511	15	33.848697
29582526	15	33.848702
29582647	15	33.848757
29582833	15	33.848871
29582965	15	33.848960
29583063	15	33.849021
29583880	15	33.849464
29584194	15	33.849640
29585248	15	33.851772
29585938	15	33.854516
29586073	15	33.855055
29586577	15	33.857069
29586627	15	33.857295
29586959	15	33.858960
29587462	15	33.861481
29587821	15	33.868713
29589281	15	33.938132
29589340	15	33.938147
29589362	15	33.938153
29589416	15	33.938166
29589472	15	33.938180
29589533	15	33.938195
29589782	15	33.938258
29589801	15	33.938264
29590282	15	33.938435
29590389	15	33.938487
29590406	15	33.938499
29590493	15	33.938593
29590658	15	33.938901
29590879	15	33.939196
29590948	15	33.939238
29591134	15	33.939273
29594537	15	33.939396
29595240	15	33.939540
29597320	15	33.940176
29597802	15	33.940324
29599848	15	33.940950
29600003	15	33.940998
29600331	15	33.941098
29602461	15	33.941751
29603003	15	33.941917
29603612	15	33.942107
29604582	15	33.942408
29605097	15	33.942677
29605444	15	33.942865
29605719	15	33.943014
29605859	15	33.943090
29605931	15	33.943129
29606574	15	33.943476
29607335	15	33.943882
29608186	15	33.944336
29608239	15	33.944364
29608398	15	33.944449
29608469	15	33.944487
29608614	15	33.944569
29608678	15	33.944604
29608825	15	33.944681
29610416	15	33.945517
29611201	15	33.945931
29611228	15	33.945945
29611468	15	33.946073
29611953	15	33.946334
29612099	15	33.946412
29612124	15	33.946425
29612537	15	33.946648
29613328	15	33.947075
29613917	15	33.947572
29615111	15	33.948592
29615616	15	33.949025
29616897	15	33.950120
29617158	15	33.950344
29618350	15	33.951371
29618361	15	33.951385
29619594	15	33.952997
29619824	15	33.959085
29620854	15	33.993561
29621073	15	34.000892
29622800	15	34.058698
29622847	15	34.060272
29622949	15	34.063689
29623375	15	34.078002
29623996	15	34.098867