1
3
7
8
10
11
12
13
18
22
25
27
30
31
32
35
36
38
39
42
43
44
46
48
51
52
54
55
57
62
63
67
68
71
72
73
79
82
83
85
89
97
101
105
106
110
115
121
122
123
131
136
137
138
148
149
151
153
155
160
164
165
166
185
191
192
194
196
201
205
207
208
210
211
212
214
216
219
221
223
226
228
229
231
233
237
238
241
245
246
247
248
251
256
263
265
271
272
276
278
279
281
283
286
294
295
296
297
299
300
302
305
306
309
310
313
316
317
318
322
323
325
328
333
334
339
340
346
353
355
356
357
359
362
364
365
367
372
373
378
381
382
384
385
386
391
395
397
399
400
402
414
421
424
429
434
436
438
440
443
444
448
452
455
457
459
460
462
463
464
466
469
470
472
476
480
481
482
483
485
494
496
497
499
505
508
509
516
517
518
520
532
534
535
537
538
540
548
551
553
554
555
558
560
563
565
566
567
569
572
575
578
579
581
590
595
597
598
605
609
610
612
617
622
625
626
627
629
632
635
639
640
642
647
652
657
658
660
661
666
669
670
671
672
673
679
680
681
683
684
687
689
690
694
699
701
703
705
708
709
710
712
719
722
731
732
736
748
749
754
761
763
766
767
768
781
790
792
800
801
803
812
813
815
817
819
821
822
824
827
828
833
834
836
839
843
846
850
855
858
859
860
863
864
870
872
877
880
881
882
884
888
890
891
893
894
895
896
897
898
900
902
903
904
906
908
910
912
915
916
918
920
922
924
925
929
935
936
937
938
940
941
942
943
947
948
951
953
954
955
957
960
962
965
968
970
972
973
975
979
980
983
987
988
989
990
991
994
996
999
1001
1003
1005
1007
1011
1012
1013
1021
1023
1033
1034
1038
1039
1042
1045
1047
1049
1052
1054
1057
1058
1059
1064
1067
1071
1076
1080
1082
1085
1092
1093
1108
1109
1113
1115
1117
1118
1119
1123
1127
1129
1131
1132
1135
1138
1139
1140
1143
1146
1153
1155
1156
1157
1160
1161
1164
1166
1168
1170
1175
1176
1179
1182
1183
1192
1194
1200
1204
1210
1212
1213
1217
1224
1225
1232
1244
1245
1251
1257
1259
1263
1267
1272
1273
1276
1277
1278
1279
1299
1302
1305
1308
1311
1313
1314
1316
1320
1324
1327
1328
1335
1337
1340
1341
1345
1346
1347
1349
1351
1352
1360
1362
1364
1367
1374
1375
1376
1378
1382
1385
1389
1391
1393
1394
1395
1396
1398
1411
1421
1424
1436
1438
1440
1442
1445
1447
1449
1450
1456
1457
1458
1463
1467
1469
1471
1476
1480
1481
1482
1494
1498
1503
1504
1508
1513
1515
1516
1519
1521
1522
1530
1535
1538
1540
1541
1544
1548
1551
1557
1558
1559
1565
1566
1572
1576
1581
1586
1591
1593
1594
1595
1599
1600
1601
1602
1606
1616
1624
1625
1628
1630
1636
1637
1639
1641
1642
1643
1644
1645
1651
1653
1659
1660
1663
1665
1666
1674
1676
1678
1680
1681
1684
1686
1689
1690
1691
1692
1695
1698
1699
1700
1705
1707
1711
1712
1716
1717
1719
1722
1727
1731
1736
1738
1739
1743
1746
1752
1756
1759
1761
1765
1766
1768
1769
1774
1777
1780
1788
1793
1797
1810
1813
1816
1818
1819
1824
1825
1832
1833
1834
1835
1837
1838
1840
1841
1843
1850
1851
1852
1856
1858
1860
1864
1865
1866
1869
1871
1872
1875
1878
1881
1883
1886
1888
1890
1891
1892
1894
1895
1898
1899
1902
1905
1907
1917
1929
1930
1932
1935
1936
1938
1944
1945
1946
1952
1958
1963
1967
1969
1973
1979
1985
1988
1989
1991
1993
1997
1998
1999
2000
2002
2004
2006
2008
2010
2016
2017
2020
2021
2023
2024
2034
2044
2053
2054
2058
2059
2067
2079
2082
2083
2085
2088
2090
2091
2097
2099
2100
2101
2102
2107
2109
2118
2119
2123
2127
2137
2147
2151
2152
2173
2174
2187
2188
2194
2199
2201
2205
2213
2228
2229
2231
2237
2245
2252
2253
2255
2257
2258
2263
2264
2265
2266
2268
2270
2272
2274
2275
2276
2277
2278
2279
2280
2282
2283
2286
2289
2290
2291
2292
2293
2295
2304
2306
2308
2310
2312
2315
2320
2322
2324
2325
2327
2329
2330
2332
2338
2346
2354
2363
2365
2368
2370
2381
2384
2388
2390
2395
2396
2398
2399
2401
2403
2406
2410
2411
2413
2414
2417
2419
2426
2438
2439
2441
2443
2445
2448
2459
2460
2462
2464
2465
2466
2467
2468
2475
2476
2478
2482
2487
2494
2498
2501
2504
2517
2523
2530
2534
2536
2542
2543
2547
2550
2551
2562
2563
2572
2584
2588
2597
2601
2602
2603
2604
2605
2606
2609
2610
2611
2613
2619
2622
2625
2626
2629
2634
2636
2638
2639
2640
2641
2647
2650
2652
2661
2663
2664
2666
2671
2672
2675
2682
2684
2689
2690
2698
2702
2710
2712
2725
2730
2734
2737
2738
2742
2743
2744
2754
2771
2774
2775
2776
2778
2782
2784
2787
2788
2804
2806
2814
2826
2828
2830
2836
2846
2847
2849
2850
2855
2858
2859
2865
2872
2875
2878
2882
2889
2893
2898
2907
2908
2911
2913
2917
2918
2919
2922
2925
2928
2931
2935
2940
2945
2947
2948
2952
2960
2966
2970
2981
2987
2991
2993
2995
2996
2997
2999
3000
3008
3009
3010
3012
3014
3017
3018
3020
3023
3033
3038
3047
3049
3055
3056
3057
3062
3063
3069
3072
3076
3079
3082
3084
3089
3090
3091
3095
3098
3100
3101
3103
3106
3112
3113
3114
3116
3117
3120
3123
3126
3128
3130
3133
3135
3139
3142
3148
3151
3161
3165
3171
3177
3180
3182
3185
3186
3187
3188
3190
3193
3195
3200
3201
3203
3204
3205
3208
3210
3216
3217
3222
3223
3224
3225
3226
3230
3232
3233
3234
3236
3238
3240
3242
3243
3245
3247
3251
3258
3260
3263
3264
3265
3266
3267
3268
3271
3281
3282
3287
3289
3290
3291
3292
3293
3294
3295
3297
3302
3307
3313
3318
3332
3338
3339
3341
3342
3343
3344
3347
3349
3350
3354
3359
3369
3372
3375
3377
3378
3391
3394
3397
3399
3402
3403
3405
3409
3410
3415
3416
3418
3422
3427
3428
3430
3431
3434
3437
3438
3439
3444
3445
3446
3447
3451
3453
3454
3455
3457
3458
3461
3462
3463
3464
3465
3466
3467
3468
3469
3470
3471
3473
3475
3476
3477
3480
3481
3483
3486
3488
3489
3491
3492
3493
3496
3499
3500
3501
3502
3504
3509
3510
3511
3514
3522
3526
3527
3528
3533
3536
3538
3539
3541
3542
3544
3554
3557
3561
3563
3577
3579
3589
3594
3600
3604
3610
3612
3613
3617
3618
3620
3621
3622
3623
3626
3628
3630
3634
3639
3649
3652
3653
3654
3656
3657
3662
3664
3665
3669
3670
3673
3677
3679
3688
3690
3692
3699
3701
3704
3705
3707
3712
3718
3721
3723
3724
3726
3727
3728
3729
3735
3736
3738
3740
3742
3745
3746
3752
3763
3768
3770
3774
3778
3783
3786
3788
3789
3790
3793
3796
3797
3801
3806
3807
3808
3810
3811
3814
3815
3816
3817
3820
3821
3822
3824
3828
3830
3833
3835
3836
3837
3838
3850
3851
3855
3857
3858
3859
3861
3862
3866
3867
3868
3870
3871
3873
3885
3886
3887
3889
3893
3894
3899
3900
3904
3905
3907
3912
3917
3921
3926
3927
3930
3935
3937
3942
3944
3946
3949
3956
3959
3966
3967
3969
3970
3979
3981
3991
3995
3997
3999
4001
4003
4006
4009
4010
4012
4013
4018
4023
4035
4038
4060
4063
4066
4079
4089
4094
4095
4096
4097
4099
4100
4105
4112
4116
4123
4124
4125
4129
4136
4142
4145
4150
4151
4154
4156
4158
4162
4163
4168
4172
4180
4184
4194
4196
4199
4204
4205
4211
4212
4214
4217
4218
4233
4238
4239
4243
4244
4245
4248
4251
4252
4253
4255
4259
4261
4262
4263
4264
4269
4270
4272
4275
4282
4285
4287
4290
4292
4296
4299
4300
4305
4306
4314
4315
4319
4322
4326
4328
4330
4331
4334
4335
4341
4346
4348
4349
4361
4375
4377
4384
4386
4389
4392
4393
4396
4397
4405
4408
4410
4412
4414
4415
4418
4421
4422
4424
4425
4428
4431
4432
4434
4436
4439
4443
4447
4450
4451
4452
4453
4455
4459
4463
4464
4466
4469
4471
4473
4474
4476
4480
4481
4483
4485
4486
4490
4492
4493
4494
4497
4503
4505
4511
4512
4517
4520
4523
4531
4543
4549
4556
4574
4578
4582
4583
4587
4593
4595
4598
4604
4610
4613
4616
4617
4620
4623
4628
4631
4632
4638
4642
4644
4650
4653
4661
4662
4669
4677
4681
4690
4694
4698
4701
4703
4706
4707
4708
4712
4719
4722
4723
4725
4732
4733
4735
4736
4738
4742
4752
4753
4758
4762
4764
4767
4768
4769
4772
4775
4777
4778
4779
4780
4781
4782
4784
4786
4787
4788
4795
4796
4797
4800
4802
4803
4804
4805
4807
4808
4809
4810
4813
4821
4826
4827
4829
4830
4831
4835
4836
4837
4840
4844
4847
4850
4857
4858
4860
4862
4864
4866
4867
4868
4870
4874
4876
4879
4882
4890
4891
4892
4895
4896
4897
4898
4900
4901
4902
4911
4913
4914
4919
4921
4922
4923
4924
4925
4929
4930
4931
4936
4939
4940
4943
4948
4949
4953
4955
4957
4958
4959
4960
4967
4970
4974
4975
4979
4980
4985
4989
4995
4996
4999
5000
5003
5008
5009
5019
5020
5022
5024
5030
5031
5032
5034
5038
5042
5043
5045
5046
5050
5052
5057
5058
5060
5061
5063
5065
5066
5067
5068
5069
5073
5074
5076
5079
5082
5086
5089
5091
5093
5094
5095
5096
5101
5102
5107
5109
5111
5112
5113
5114
5115
5117
5118
5121
5124
5125
5129
5133
5134
5137
5141
5144
5145
5146
5147
5149
5150
5156
5161
5163
5167
5177
5178
5180
5181
5183
5185
5187
5190
5191
5192
5193
5195
5205
5208
5211
5215
5216
5217
5220
5224
5229
5233
5235
5240
5243
5249
5251
5254
5256
5259
5261
5262
5264
5265
5266
5272
5274
5275
5277
5278
5283
5285
5290
5293
5296
5300
5307
5309
5311
5318
5328
5331
5333
5337
5339
5350
5356
5357
5358
5362
5363
5365
5366
5367
5371
5372
5373
5374
5376
5380
5381
5382
5384
5386
5391
5392
5399
5400
5408
5409
5413
5416
5417
5418
5419
5421
5423
5424
5428
5429
5431
5433
5435
5436
5437
5438
5440
5442
5443
5444
5445
5446
5447
5448
5449
5450
5451
5452
5453
5455
5456
5457
5458
5459
5465
5466
5469
5472
5476
5479
5483
5485
5486
5490
5492
5499
5502
5503
5508
5512
5513
5514
5515
5516
5517
5519
5520
5524
5526
5528
5530
5531
5534
5535
5539
5540
5541
5545
5548
5549
5552
5553
5555
5556
5557
5558
5560
5561
5562
5565
5566
5569
5570
5573
5574
5575
5577
5578
5579
5580
5583
5585
5586
5592
5596
5599
5601
5602
5603
5605
5607
5608
5610
5611
5612
5616
5617
5619
5624
5625
5632
5636
5637
5639
5643
5644
5646
5649
5652
5659
5663
5664
5668
5669
5670
5672
5673
5678
5682
5686
5689
5694
5701
5702
5704
5706
5711
5713
5717
5720
5721
5722
5723
5724
5725
5726
5728
5730
5732
5733
5735
5739
5740
5743
5748
5749
5750
5753
5754
5755
5756
5757
5758
5760
5761
5762
5766
5769
5770
5773
5777
5782
5785
5786
5788
5790
5791
5794
5800
5801
5802
5803
5806
5807
5808
5810
5811
5812
5813
5814
5816
5818
5820
5823
5826
5827
5828
5830
5834
5836
5842
5844
5845
5847
5849
5850
5851
5865
5867
5868
5869
5871
5872
5873
5879
5881
5882
5883
5885
5886
5890
5891
5893
5895
5897
5898
5899
5901
5902
5903
5904
5905
5906
5909
5910
5911
5913
5914
5915
5916
5917
5918
5920
5921
5922
5923
5929
5931
5932
5934
5935
5936
5938
5939
5940
5941
5943
5944
5947
5948
5949
5950
5952
5955
5956
5957
5958
5959
5969
5973
5974
5975
5976
5977
5978
5979
5980
5988
5989
5990
5992
5993
5994
5996
5997
6000
6002
6003
6005
6006
6007
6009
6010
6011
6014
6015
6024
6029
6030
6036
6037
6039
6044
6045
6046
6047
6049
6050
6053
6058
6059
6063
6064
6065
6067
6068
6070
6074
6077
6083
6084
6086
6087
6093
6094
6095
6100
6102
6105
6109
6110
6112
6113
6114
6116
6117
6118
6119
6120
6121
6122
6123
6127
6129
6130
6131
6132
6139
6140
6141
6142
6143
6144
6148
6151
6153
6155
6156
6157
6161
6162
6165
6167
6169
6171
6172
6175
6178
6180
6181
6182
6183
6187
6189
6190
6194
6195
6196
6200
6205
6206
6207
6213
6214
6216
6218
6219
6221
6224
6226
6227
6228
6229
6230
6233
6236
6239
6241
6242
6243
6245
6248
6258
6259
6276
6279
6281
6283
6287
6289
6290
6292
6294
6295
6298
6300
6301
6304
6306
6307
6309
6310
6311
6312
6314
6316
6317
6318
6319
6322
6324
6325
6327
6328
6333
6335
6337
6343
6344
6345
6348
6356
6361
6362
6363
6364
6365
6366
6369
6371
6372
6374
6377
6378
6379
6381
6385
6386
6387
6388
6389
6390
6391
6392
6393
6394
6395
6396
6397
6398
6400
6404
6408
6409
6411
6412
6417
6418
6419
6420
6423
6424
6426
6427
6430
6432
6434
6435
6442
6448
6450
6451
6453
6456
6459
6463
6464
6469
6477
6486
6489
6494
6495
6496
6497
6503
6508
6512
6513
6520
6528
6531
6532
6537
6541
6542
6543
6544
6546
6550
6558
6564
6565
6568
6579
6581
6582
6589
6609
6615
6616
6617
6623
6625
6627
6630
6632
6637
6639
6655
6659
6662
6668
6675
6677
6682
6684
6686
6691
6692
6693
6699
6704
6708
6710
6712
6717
6719
6724
6725
6726
6728
6730
6731
6737
6745
6747
6750
6751
6754
6762
6769
6775
6776
6780
6781
6783
6789
6790
6795
6797
6799
6800
6803
6805
6807
6810
6814
6820
6822
6828
6829
6830
6832
6838
6843
6845
6847
6848
6849
6850
6851
6853
6855
6858
6860
6861
6868
6870
6874
6876
6879
6886
6892
6895
6896
6897
6902
6906
6908
6909
6910
6914
6918
6920
6921
6923
6924
6929
6932
6937
6938
6943
6947
6949
6959
6964
6968
6970
6971
6972
6973
6974
6975
6976
6977
6980
6987
6988
6989
6993
6995
6997
6998
7000
7001
7002
7003
7004
7005
7006
7007
7008
7015
7016
7017
7022
7026
7028
7029
7031
7032
7034
7040
7043
7047
7050
7051
7054
7055
7056
7057
7059
7062
7064
7066
7067
7068
7071
7072
7073
7078
7081
7083
7085
7086
7087
7090
7095
7104
7109
7112
7113
7115
7118
7120
7123
7124
7126
7127
7130
7139
7141
7143
7144
7152
7154
7161
7162
7166
7168
7176
7179
7181
7182
7184
7186
7191
7192
7193
7195
7196
7198
7200
7201
7203
7204
7205
7208
7211
7212
7213
7215
7217
7218
7220
7221
7222
7223
7225
7229
7231
7235
7236
7237
7239
7241
7244
7246
7247
7249
7250
7252
7253
7254
7256
7258
7259
7261
7268
7269
7270
7282
7284
7285
7288
7291
7295
7296
7298
7304
7308
7310
7314
7316
7320
7326
7329
7330
7333
7337
7338
7339
7341
7344
7349
7355
7357
7360
7361
7362
7364
7369
7371
7374
7375
7376
7377
7380
7381
7382
7384
7385
7387
7388
7390
7393
7395
7396
7397
7403
7404
7409
7411
7412
7414
7421
7422
7424
7432
7435
7443
7444
7448
7449
7454
7459
7461
7462
7465
7470
7472
7478
7483
7485
7489
7492
7496
7500
7503
7506
7509
7510
7512
7516
7520
7521
7526
7529
7535
7540
7544
7547
7551
7554
7557
7561
7563
7567
7571
7573
7575
7576
7578
7588
7590
7594
7596
7599
7602
7606
7608
7615
7616
7619
7623
7631
7643
7645
7647
7664
7669
7672
7674
7675
7676
7679
7683
7684
7687
7694
7702
7704
7707
7710
7711
7714
7717
7719
7720
7723
7726
7730
7740
7742
7752
7760
7761
7769
7770
7776
7783
7788
7789
7790
7800
7801
7802
7804
7811
7821
7823
7826
7827
7828
7829
7835
7837
7838
7840
7844
7845
7846
7848
7851
7856
7861
7862
7863
7866
7867
7868
7869
7876
7877
7879
7880
7888
7889
7892
7895
7896
7897
7899
7900
7902
7904
7912
7913
7914
7920
7921
7922
7923
7925
7927
7929
7930
7931
7932
7936
7938
7942
7943
7957
7960
7962
7966
7967
7971
7975
7979
7980
7981
7985
7988
7990
7991
7993
8003
8005
8011
8015
8016
8018
8019
8020
8023
8024
8025
8028
8032
8033
8034
8035
8038
8044
8048
8052
8059
8067
8073
8077
8078
8084
8085
8086
8087
8090
8097
8098
8100
8103
8106
8110
8113
8116
8119
8126
8127
8128
8131
8133
8135
8138
8139
8140
8141
8142
8144
8147
8152
8154
8156
8157
8161
8162
8164
8165
8166
8167
8168
8169
8171
8172
8174
8176
8180
8182
8183
8191
8192
8195
8197
8198
8206
8207
8209
8214
8215
8220
8223
8237
8247
8248
8249
8250
8251
8253
8258
8259
8267
8273
8276
8279
8280
8281
8282
8284
8285
8287
8290
8293
8294
8299
8301
8303
8304
8305
8307
8308
8317
8320
8321
8323
8324
8330
8331
8335
8336
8338
8339
8346
8355
8361
8363
8365
8366
8369
8376
8380
8389
8394
8396
8402
8405
8406
8407
8408
8409
8411
8412
8413
8414
8419
8420
8421
8423
8425
8426
8427
8432
8440
8443
8445
8449
8450
8457
8458
8464
8471
8472
8473
8475
8476
8483
8484
8487
8489
8490
8495
8499
8500
8501
8503
8504
8505
8508
8509
8510
8512
8513
8515
8518
8519
8521
8523
8524
8525
8526
8528
8531
8535
8546
8554
8555
8557
8559
8560
8561
8568
8570
8571
8573
8587
8589
8595
8600
8601
8603
8605
8606
8608
8610
8611
8612
8613
8615
8616
8617
8621
8622
8626
8628
8642
8653
8659
8664
8666
8667
8670
8671
8676
8677
8681
8684
8688
8690
8691
8696
8698
8700
8702
8712
8715
8716
8719
8722
8726
8727
8728
8729
8730
8731
8734
8735
8736
8737
8739
8740
8742
8746
8747
8752
8755
8762
8764
8765
8767
8773
8774
8778
8781
8785
8786
8787
8789
8792
8806
8808
8809
8810
8811
8812
8813
8814
8820
8824
8826
8827
8836
8839
8849
8854
8856
8859
8860
8882
8886
8888
8892
8895
8898
8899
8901
8904
8905
8907
8908
8917
8924
8926
8932
8933
8936
8938
8939
8940
8942
8943
8944
8946
8947
8951
8954
8960
8962
8966
8967
8969
8970
8971
8973
8974
8983
8986
8987
8988
8990
8991
8992
8994
8998
8999
9000
9001
9003
9008
9012
9013
9016
9019
9020
9022
9023
9024
9033
9041
9044
9045
9047
9049
9050
9057
9059
9064
9065
9066
9067
9068
9069
9070
9071
9073
9075
9077
9078
9082
9086
9087
9089
9090
9091
9093
9094
9095
9096
9100
9101
9102
9104
9107
9108
9110
9111
9114
9118
9128
9132
9136
9137
9138
9139
9142
9143
9146
9148
9150
9151
9153
9154
9156
9158
9160
9161
9162
9164
9166
9171
9175
9176
9179
9184
9186
9191
9192
9193
9194
9198
9200
9206
9207
9208
9212
9215
9216
9217
9218
9224
9226
9231
9232
9236
9237
9238
9240
9242
9243
9245
9247
9250
9252
9254
9256
9258
9260
9261
9266
9268
9269
9270
9274
9276
9277
9278
9283
9284
9289
9293
9299
9303
9304
9308
9311
9312
9317
9320
9322
9329
9331
9339
9341
9343
9346
9353
9354
9357
9360
9363
9364
9366
9367
9368
9369
9378
9379
9382
9383
9388
9389
9390
9392
9395
9396
9400
9401
9403
9404
9409
9412
9413
9414
9415
9420
9422
9431
9435
9437
9439
9443
9445
9451
9456
9459
9461
9463
9467
9470
9472
9473
9474
9475
9478
9482
9483
9484
9491
9496
9499
9500
9501
9508
9513
9514
9516
9522
9523
9524
9530
9540
9542
9543
9548
9549
9552
9553
9554
9555
9556
9557
9559
9560
9579
9586
9587
9591
9594
9597
9615
9618
9621
9626
9632
9639
9646
9647
9651
9652
9654
9655
9659
9660
9662
9666
9669
9674
9675
9676
9690
9692
9695
9704
9709
9710
9711
9712
9714
9716
9723
9743
9744
9752
9757
9761
9763
9775
9776
9782
9784
9790
9793
9794
9796
9807
9811
9812
9816
9817
9826
9831
9835
9842
9852
9857
9862
9867
9872
9876
9882
9888
9893
9895
9905
9910
9913
9915
9919
9922
9927
9928
9930
9931
9932
9940
9941
9944
9946
9952
9957
9958
9959
9965
9969
9970
9971
9972
9973
9974
9976
9977
9979
9980
9981
9982
9985
9989
9991
9992
9994
9995
9996
9997
9998
