5
34
49
63
66
93
124
125
127
133
153
165
172
176
177
181
184
189
221
232
237
254
257
260
273
289
291
308
321
332
356
357
362
369
371
375
383
384
385
402
404
418
419
425
427
430
431
432
444
447
449
467
471
472
483
486
502
508
529
534
544
546
553
566
578
583
615
648
649
653
674
682
686
691
698
703
705
714
715
717
731
739
741
751
754
770
801
813
820
824
827
841
849
855
861
865
872
877
885
892
913
914
915
917
939
947
952
956
958
959
981
983
985
987
990
991
1011
1017
1022
1024
1042
1053
1064
1065
1068
1077
1078
1080
1081
1087
1105
1106
1133
1141
1146
1160
1170
1173
1174
1196
1198
1212
1219
1225
1260
1268
1294
1298
1334
1340
1347
1348
1354
1358
1365
1408
1409
1417
1418
1423
1457
1470
1474
1476
1491
1493
1501
1504
1509
1512
1519
1520
1526
1528
1533
1534
1536
1537
1540
1549
1553
1577
1580
1581
1593
1597
1604
1618
1620
1626
1627
1630
1645
1654
1658
1660
1674
1686
1709
1710
1715
1718
1723
1731
1740
1748
1770
1795
1824
1844
1845
1850
1852
1906
1907
1919
1940
1951
1958
1977
1993
2007
2012
2019
2028
2043
2053
2064
2068
2071
2074
2092
2107
2136
2146
2148
2161
2165
2168
2178
2190
2204
2206
2217
2247
2257
2275
2283
2295
2296
2297
2301
2314
2316
2320
2327
2334
2363
2372
2375
2377
2421
2455
2492
2508
2514
2527
2536
2538
2556
2561
2563
2571
2575
2578
2590
2597
2601
2605
2611
2612
2632
2634
2664
2680
2681
2699
2700
2704
2709
2721
2725
2735
2755
2770
2773
2778
2780
2785
2808
2850
2857
2860
2865
2878
2896
2937
2941
2949
2952
2985
2990
3002
3009
3017
3026
3027
3037
3039
3055
3063
3066
3069
3076
3089
3090
3093
3094
3096
3099
3112
3124
3129
3146
3148
3195
3197
3225
3252
3253
3310
3312
3321
3325
3344
3353
3357
3360
3368
3376
3403
3412
3441
3460
3476
3511
3513
3516
3517
3522
3527
3533
3536
3549
3563
3613
3629
3642
3653
3660
3674
3676
3678
3686
3691
3762
3793
3834
3837
3855
3907
3940
3943
3949
3962
3976
3986
4018
4051
4053
4074
4099
4109
4111
4117
4123
4152
4186
4207
4209
4269
4276
4281
4319
4334
4342
4370
4392
4411
4436
4441
4458
4460
4490
4503
4504
4512
4516
4563
4585
4588
4603
4607
4614
4615
4633
4640
4665
4670
4671
4688
4692
4720
4736
4741
4773
4776
4791
4796
4798
4806
4812
4818
4886
4888
4897
4899
4902
4933
4956
4989
4995
5005
5026
5048
5059
5063
5067
5108
5132
5138
5164
5178
5195
5198
5207
5219
5265
5273
5280
5291
5300
5308
5310
5312
5317
5325
5339
5341
5391
5393
5397
5400
5403
5408
5411
5414
5444
5445
5452
5459
5466
5479
5482
5484
5490
5491
5498
5512
5516
5517
5528
5543
5570
5571
5597
5608
5611
5636
5677
5727
5740
5781
5787
5793
5807
5821
5834
5842
5950
5957
5973
5977
6045
6098
6101
6109
6119
6135
6140
6153
6154
6172
6177
6178
6181
6182
6184
6189
6193
6194
6204
6205
6211
6231
6247
6248
6252
6270
6271
6284
6285
6291
6292
6300
6308
6322
6323
6327
6328
6329
6332
6340
6355
6367
6391
6399
6409
6412
6420
6435
6451
6455
6465
6480
6485
6531
6543
6551
6557
6558
6561
6568
6571
6581
6598
6603
6625
6629
6632
6638
6642
6643
6664
6675
6689
6693
6695
6706
6722
6738
6739
6753
6755
6761
6764
6766
6767
6772
6775
6782
6783
6787
6796
6813
6825
6829
6832
6839
6841
6842
6853
6856
6858
6891
6899
6911
6920
6939
6964
6989
6998
7010
7024
7027
7055
7065
7074
7093
7125
7137
7188
7230
7231
7279
7286
7295
7300
7310
7317
7319
7320
7345
7373
7374
7382
7391
7398
7431
7439
7448
7471
7505
7507
7508
7521
7526
7531
7534
7536
7550
7574
7599
7600
7611
7623
7661
7666
7668
7686
7687
7698
7702
7709
7713
7714
7728
7742
7746
7758
7763
7770
7779
7785
7820
7827
7831
7847
7855
7864
7869
7885
7887
7904
7914
7925
7929
7940
7945
7948
7956
7959
7983
7994
7996
8002
8013
8022
8029
8045
8047
8049
8062
8078
8084
8103
8111
8123
8137
8140
8149
8150
8167
8183
8198
8206
8224
8264
8267
8307
8314
8318
8331
8337
8401
8406
8413
8427
8428
8445
8448
8469
8499
8510
8513
8514
8564
8568
8594
8608
8650
8664
8699
8708
8735
8781
8787
8795
8805
8816
8841
8844
8848
8855
8856
8860
8905
8927
8934
8975
8977
8978
8982
8994
8995
9013
9047
9057
9082
9121
9122
9147
9150
9153
9234
9245
9248
9316
9317
9353
9358
9360
9389
9427
9429
9430
9436
9443
9462
9464
9472
9477
9507
9575
9582
9584
9586
9588
9590
9594
9599
9617
9631
9637
9669
9694
9695
9696
9698
9704
9707
9722
9728
9730
9736
9749
9751
9760
9763
9766
9776
9808
9810
9811
9812
9814
9816
