2
3
4
6
8
10
12
13
14
15
16
17
19
20
21
23
25
27
29
30
32
34
35
36
37
40
45
51
52
54
57
59
64
66
67
68
69
70
72
75
76
77
78
79
81
82
83
84
86
88
89
90
91
92
93
94
95
97
98
100
101
103
107
108
109
113
116
118
119
120
123
129
132
133
138
140
141
143
145
146
150
156
159
160
163
164
165
166
167
174
177
178
183
185
187
188
190
195
201
204
206
207
211
212
214
217
219
225
232
233
235
236
237
238
240
247
253
255
256
257
259
260
264
265
266
267
271
276
278
279
280
281
282
284
288
291
292
293
294
296
297
298
302
303
305
306
307
308
310
313
314
316
318
320
321
324
326
327
328
329
333
336
338
346
347
348
350
353
355
358
359
360
362
363
365
368
372
373
374
375
379
390
391
392
393
394
395
399
401
402
404
405
406
408
409
414
415
418
419
420
421
422
423
424
425
426
427
428
429
432
433
435
436
437
439
440
441
442
443
444
445
447
449
451
454
455
459
461
462
463
465
467
470
472
476
477
480
483
485
487
490
491
492
493
494
495
496
497
499
502
504
506
507
508
511
517
518
519
521
522
524
526
527
530
533
534
536
538
539
541
542
543
544
545
546
548
549
551
555
557
558
560
562
563
564
567
571
577
578
579
580
581
583
584
585
586
587
589
590
591
592
593
594
598
599
601
602
608
610
611
617
620
625
632
635
638
640
643
649
651
655
662
664
666
668
670
671
675
677
678
684
691
693
695
697
698
700
702
703
705
707
710
711
712
713
716
718
720
721
722
727
729
731
732
737
738
739
742
743
744
746
749
750
751
753
754
756
758
759
760
764
765
768
770
773
774
776
785
788
789
790
792
793
794
795
796
797
798
799
804
805
806
809
811
821
822
823
824
825
829
830
832
838
839
845
846
848
849
850
852
853
855
856
859
860
861
871
872
875
876
877
879
880
881
882
883
884
885
887
888
892
893
897
899
900
903
904
905
906
909
910
911
914
916
920
921
923
924
927
930
931
934
935
940
941
942
943
944
945
946
950
953
954
955
956
957
960
961
962
963
967
969
970
971
973
974
977
979
982
984
985
986
987
989
991
993
998
1000
1001
1004
1005
1008
1009
1010
1011
1014
1015
1017
1019
1023
1024
1027
1028
1030
1031
1033
1035
1036
1037
1040
1041
1043
1044
1046
1047
1048
1058
1060
1062
1064
1065
1066
1067
1072
1074
1079
1082
1083
1085
1086
1089
1090
1092
1095
1099
1101
1102
1103
1104
1108
1111
1113
1116
1118
1120
1121
1122
1123
1126
1127
1128
1129
1131
1133
1134
1136
1138
1143
1144
1146
1148
1152
1157
1158
1159
1161
1163
1164
1165
1167
1170
1171
1172
1174
1176
1178
1180
1182
1184
1185
1186
1188
1189
1190
1191
1192
1194
1195
1197
1198
1199
1200
1202
1203
1204
1205
1207
1209
1214
1217
1220
1221
1225
1227
1230
1233
1234
1238
1239
1242
1248
1251
1253
1259
1260
1267
1270
1271
1272
1274
1275
1276
1278
1283
1284
1285
1286
1287
1289
1291
1293
1295
1299
1300
1301
1302
1307
1308
1310
1312
1313
1315
1318
1320
1322
1323
1326
1328
1329
1330
1332
1335
1337
1339
1342
1344
1345
1346
1348
1351
1352
1353
1354
1355
1359
1362
1363
1364
1365
1368
1371
1372
1374
1378
1380
1381
1382
1384
1389
1390
1391
1392
1393
1394
1395
1396
1397
1398
1399
1400
1401
1403
1404
1407
1409
1412
1414
1416
1417
1418
1420
1421
1423
1425
1427
1430
1433
1434
1435
1436
1438
1439
1440
1442
1443
1444
1448
1450
1451
1453
1459
1460
1462
1463
1464
1466
1468
1470
1472
1474
1475
1477
1478
1481
1484
1486
1487
1488
1491
1492
1495
1500
1501
1504
1506
1507
1508
1513
1515
1517
1518
1519
1520
1525
1526
1528
1531
1532
1533
1534
1535
1538
1539
1540
1541
1543
1547
1548
1552
1555
1557
1558
1559
1563
1566
1568
1571
1576
1577
1580
1581
1582
1584
1586
1589
1590
1593
1595
1597
1598
1599
1600
1604
1607
1609
1613
1614
1615
1616
1618
1619
1620
1621
1624
1625
1628
1630
1635
1636
1637
1641
1647
1648
1649
1650
1652
1658
1660
1661
1664
1665
1668
1670
1674
1675
1678
1680
1682
1685
1687
1689
1691
1694
1695
1696
1697
1698
1700
1702
1703
1704
1705
1706
1708
1710
1711
1712
1716
1717
1718
1720
1722
1723
1724
1726
1727
1728
1729
1735
1736
1738
1741
1742
1743
1744
1748
1749
1750
1752
1753
1755
1756
1757
1760
1761
1764
1766
1768
1769
1770
1772
1775
1776
1778
1782
1785
1786
1787
1788
1791
1793
1794
1795
1797
1803
1804
1805
1806
1811
1813
1815
1816
1817
1818
1819
1820
1821
1823
1824
1827
1829
1831
1834
1836
1840
1842
1843
1844
1845
1848
1849
1855
1859
1861
1863
1864
1866
1867
1868
1870
1873
1875
1876
1877
1882
1884
1889
1891
1893
1895
1897
1898
1900
1901
1905
1906
1907
1908
1909
1910
1911
1912
1914
1915
1916
1919
1920
1921
1927
1930
1931
1933
1935
1939
1942
1945
1946
1947
1950
1951
1952
1953
1957
1958
1960
1963
1964
1966
1967
1968
1969
1970
1971
1973
1978
1979
1983
1984
1985
1986
1987
1995
1998
1999
2000
2004
2007
2008
2011
2014
2016
2017
2018
2019
2020
2022
2024
2029
2034
2038
2039
2041
2042
2043
2044
2045
2046
2050
2051
2053
2059
2062
2064
2066
2071
2072
2074
2076
2078
2079
2080
2081
2083
2087
2088
2090
2091
2095
2096
2097
2098
2099
2101
2104
2106
2107
2109
2111
2112
2113
2115
2117
2118
2120
2122
2123
2124
2126
2127
2128
2130
2132
2133
2134
2135
2137
2138
2139
2140
2142
2144
2147
2153
2154
2156
2157
2158
2161
2162
2165
2166
2168
2169
2171
2172
2173
2175
2176
2178
2180
2181
2182
2189
2196
2199
2201
2204
2205
2207
2209
2212
2225
2226
2228
2229
2232
2236
2237
2240
2241
2247
2248
2249
2250
2252
2253
2254
2256
2258
2259
2260
2262
2264
2266
2269
2270
2272
2273
2274
2275
2276
2277
2279
2285
2291
2292
2293
2295
2296
2297
2298
2301
2303
2304
2306
2307
2308
2309
2311
2312
2315
2316
2320
2323
2325
2330
2331
2333
2338
2339
2342
2345
2346
2348
2349
2350
2351
2352
2353
2355
2356
2359
2361
2362
2364
2367
2369
2371
2372
2373
2375
2376
2380
2383
2384
2385
2386
2387
2390
2392
2393
2396
2400
2402
2408
2410
2413
2416
2418
2419
2420
2423
2424
2429
2431
2432
2435
2437
2441
2442
2446
2447
2451
2456
2457
2458
2460
2461
2465
2466
2472
2474
2478
2480
2482
2483
2485
2486
2489
2493
2494
2495
2498
2501
2502
2503
2504
2505
2510
2515
2519
2523
2524
2527
2529
2530
2531
2532
2534
2535
2536
2540
2541
2542
2543
2545
2546
2548
2550
2551
2554
2555
2556
2558
2559
2560
2561
2563
2564
2565
2566
2567
2568
2573
2577
2578
2580
2581
2582
2585
2586
2587
2588
2590
2591
2597
2598
2600
2602
2605
2608
2609
2611
2612
2613
2614
2615
2616
2618
2619
2621
2622
2623
2624
2625
2627
2628
2629
2630
2632
2637
2639
2640
2643
2646
2647
2648
2649
2650
2651
2652
2655
2657
2659
2661
2663
2667
2669
2670
2671
2672
2674
2675
2681
2683
2686
2688
2691
2692
2693
2697
2698
2699
2703
2705
2706
2707
2708
2711
2712
2718
2719
2720
2721
2722
2724
2726
2727
2728
2730
2731
2732
2733
2735
2742
2743
2744
2747
2749
2750
2753
2755
2756
2757
2758
2759
2761
2766
2773
2781
2787
2790
2791
2792
2793
2796
2797
2801
2803
2804
2806
2809
2812
2814
2816
2818
2819
2824
2826
2827
2828
2830
2832
2834
2836
2838
2840
2843
2845
2846
2847
2849
2850
2851
2857
2861
2867
2868
2870
2875
2876
2877
2879
2881
2884
2885
2886
2888
2889
2890
2891
2892
2895
2896
2901
2902
2905
2907
2909
2911
2912
2914
2917
2918
2919
2920
2921
2923
2924
2925
2926
2927
2928
2933
2934
2935
2937
2938
2941
2944
2945
2946
2950
2952
2953
2954
2956
2957
2959
2964
2965
2966
2969
2971
2974
2978
2979
2980
2982
2984
2987
2990
2993
2995
2997
2999
3000
3004
3005
3007
3008
3009
3012
3014
3016
3017
3022
3023
3024
3025
3028
3029
3031
3032
3034
3035
3036
3037
3038
3042
3043
3045
3046
3047
3048
3050
3055
3056
3057
3059
3060
3061
3062
3063
3065
3066
3067
3073
3075
3076
3077
3078
3079
3080
3081
3082
3083
3084
3085
3086
3087
3088
3089
3091
3092
3093
3095
3096
3100
3101
3102
3103
3105
3107
3110
3113
3114
3116
3117
3118
3119
3120
3123
3126
3128
3132
3133
3134
3135
3136
3139
3140
3141
3142
3146
3148
3149
3150
3152
3153
3154
3156
3158
3160
3162
3163
3164
3167
3169
3171
3175
3179
3180
3182
3183
3186
3187
3188
3189
3193
3199
3201
3202
3207
3212
3213
3214
3217
3218
3220
3221
3222
3225
3226
3233
3234
3235
3237
3239
3241
3243
3244
3247
3248
3249
3253
3254
3259
3270
3273
3275
3277
3278
3281
3282
3283
3284
3285
3288
3290
3293
3294
3295
3297
3298
3299
3300
3307
3309
3319
3320
3321
3323
3326
3327
3329
3330
3331
3332
3333
3338
3339
3345
3346
3347
3348
3349
3350
3352
3353
3356
3357
3361
3364
3365
3366
3372
3376
3377
3378
3380
3384
3386
3390
3393
3394
3396
3397
3398
3402
3403
3411
3414
3415
3418
3419
3420
3421
3423
3424
3425
3426
3427
3428
3432
3436
3437
3438
3439
3444
3445
3446
3450
3455
3456
3459
3463
3464
3465
3466
3469
3470
3471
3474
3475
3477
3478
3481
3482
3491
3492
3493
3495
3498
3499
3500
3502
3505
3508
3509
3513
3514
3517
3518
3519
3520
3521
3522
3523
3525
3526
3527
3528
3530
3531
3532
3534
3536
3537
3539
3542
3543
3548
3549
3551
3553
3554
3556
3559
3560
3561
3564
3568
3569
3572
3573
3574
3576
3579
3581
3582
3583
3584
3585
3589
3592
3593
3596
3597
3605
3606
3609
3610
3613
3614
3615
3617
3620
3621
3623
3625
3626
3627
3631
3632
3634
3637
3639
3642
3643
3645
3647
3648
3652
3654
3655
3657
3658
3661
3662
3663
3667
3668
3670
3671
3672
3676
3677
3679
3682
3683
3684
3685
3686
3687
3689
3692
3693
3695
3697
3698
3700
3701
3702
3705
3706
3707
3709
3711
3713
3715
3716
3717
3723
3726
3727
3729
3731
3732
3734
3735
3738
3739
3740
3741
3742
3744
3746
3749
3750
3751
3752
3753
3754
3755
3758
3759
3762
3764
3766
3767
3768
3772
3776
3778
3779
3781
3782
3783
3788
3791
3794
3796
3800
3802
3804
3805
3806
3808
3810
3811
3816
3817
3818
3820
3822
3829
3833
3834
3837
3839
3840
3841
3842
3843
3847
3852
3853
3856
3857
3860
3862
3864
3867
3868
3869
3872
3873
3875
3877
3878
3879
3881
3882
3885
3887
3889
3894
3896
3898
3899
3904
3906
3907
3909
3910
3911
3912
3913
3914
3915
3916
3917
3918
3919
3920
3921
3922
3923
3927
3931
3933
3936
3940
3941
3942
3944
3947
3953
3957
3958
3960
3961
3963
3964
3967
3968
3970
3977
3978
3979
3980
3982
3983
3984
3985
3986
3989
3990
3993
3997
3998
3999
4001
4005
4006
4009
4010
4012
4013
4015
4017
4020
4022
4023
4024
4025
4027
4029
4031
4032
4034
4040
4042
4043
4045
4048
4051
4058
4060
4061
4063
4064
4065
4067
4068
4069
4070
4072
4073
4074
4075
4077
4079
4082
4086
4087
4088
4089
4097
4098
4101
4104
4109
4110
4115
4116
4117
4119
4123
4124
4128
4130
4136
4138
4139
4140
4144
4145
4146
4148
4149
4150
4152
4154
4157
4159
4161
4167
4169
4170
4172
4173
4174
4176
4182
4183
4184
4185
4187
4193
4194
4196
4197
4198
4200
4201
4202
4204
4205
4206
4207
4208
4210
4212
4213
4214
4217
4222
4225
4231
4232
4233
4235
4236
4237
4240
4247
4248
4249
4252
4253
4254
4257
4259
4260
4263
4265
4266
4267
4268
4269
4271
4275
4278
4280
4282
4283
4284
4285
4287
4288
4293
4295
4300
4302
4303
4304
4305
4307
4308
4309
4311
4312
4314
4315
4317
4321
4323
4326
4328
4329
4330
4333
4334
4335
4337
4338
4341
4342
4346
4348
4351
4352
4360
4363
4365
4367
4369
4371
4373
4374
4375
4377
4378
4379
4381
4382
4391
4393
4394
4395
4396
4397
4399
4401
4403
4407
4413
4414
4416
4419
4420
4421
4423
4426
4427
4429
4430
4431
4433
4437
4438
4439
4440
4450
4451
4452
4454
4456
4459
4460
4461
4462
4463
4464
4465
4466
4467
4468
4473
4480
4481
4482
4489
4490
4491
4492
4493
4494
4495
4496
4498
4501
4502
4503
4506
4508
4509
4510
4511
4513
4519
4522
4523
4524
4525
4527
4528
4532
4536
4543
4544
4545
4546
4547
4549
4552
4556
4557
4559
4564
4565
4567
4568
4575
4576
4577
4578
4582
4583
4585
4588
4590
4591
4597
4598
4602
4603
4604
4608
4609
4610
4611
4612
4613
4614
4619
4621
4622
4623
4624
4625
4628
4633
4634
4636
4637
4638
4639
4643
4644
4645
4648
4650
4652
4653
4656
4660
4661
4662
4663
4666
4669
4670
4671
4674
4675
4676
4680
4681
4684
4685
4686
4687
4689
4690
4691
4692
4694
4695
4696
4698
4701
4704
4706
4708
4717
4718
4719
4720
4722
4727
4731
4733
4734
4740
4742
4745
4746
4751
4753
4754
4755
4756
4757
4758
4761
4762
4763
4764
4765
4766
4771
4773
4775
4778
4780
4781
4782
4784
4785
4787
4788
4789
4791
4792
4797
4800
4801
4802
4803
4804
4806
4809
4810
4813
4814
4815
4819
4824
4827
4829
4830
4832
4834
4837
4839
4841
4844
4847
4848
4850
4852
4855
4861
4865
4870
4871
4872
4875
4879
4880
4881
4882
4883
4884
4889
4890
4891
4894
4898
4903
4905
4906
4907
4909
4910
4911
4913
4918
4920
4925
4926
4927
4928
4930
4931
4932
4933
4934
4936
4938
4940
4941
4942
4950
4951
4952
4953
4954
4955
4957
4959
4962
4964
4965
4967
4968
4970
4972
4973
4974
4978
4979
4981
4983
4984
4985
4988
4989
4991
4993
4995
4997
4999
5001
5002
5003
5005
5012
5014
5015
5016
5017
5018
5027
5028
5031
5034
5035
5037
5038
5040
5041
5042
5045
5046
5047
5049
5050
5052
5054
5055
5057
5059
5060
5063
5064
5066
5067
5069
5070
5072
5075
5076
5077
5081
5086
5088
5090
5094
5098
5102
5106
5107
5110
5111
5112
5114
5116
5117
5120
5122
5124
5128
5129
5131
5134
5138
5139
5143
5144
5145
5152
5153
5154
5155
5158
5161
5162
5163
5164
5165
5166
5167
5170
5171
5172
5173
5179
5180
5182
5185
5186
5190
5191
5192
5194
5196
5198
5201
5204
5205
5206
5207
5208
5209
5211
5212
5215
5218
5221
5222
5223
5224
5225
5226
5229
5230
5231
5232
5233
5236
5237
5239
5244
5245
5250
5252
5253
5254
5255
5257
5259
5261
5262
5264
5265
5266
5267
5269
5271
5272
5274
5275
5277
5278
5282
5283
5284
5285
5287
5289
5290
5292
5294
5297
5302
5304
5305
5306
5308
5309
5310
5312
5313
5319
5320
5321
5322
5323
5324
5325
5327
5331
5332
5334
5335
5336
5338
5340
5341
5345
5347
5348
5349
5351
5352
5353
5357
5360
5361
5362
5363
5364
5367
5368
5370
5371
5374
5376
5378
5385
5393
5394
5396
5398
5401
5402
5403
5408
5411
5415
5417
5420
5421
5422
5423
5426
5427
5429
5430
5432
5433
5436
5437
5438
5440
5441
5442
5444
5446
5447
5450
5451
5452
5456
5458
5459
5462
5465
5466
5467
5469
5472
5475
5478
5482
5483
5484
5485
5486
5488
5490
5494
5495
5496
5497
5498
5499
5500
5501
5502
5504
5506
5507
5510
5513
5515
5518
5519
5520
5521
5523
5524
5526
5530
5533
5535
5536
5538
5540
5544
5545
5546
5547
5548
5549
5550
5552
5553
5556
5559
5562
5566
5567
5568
5571
5572
5575
5577
5578
5579
5580
5581
5582
5584
5585
5590
5594
5595
5597
5603
5604
5606
5608
5609
5610
5615
5616
5617
5618
5619
5620
5621
5622
5625
5627
5628
5632
5634
5635
5639
5640
5642
5643
5647
5648
5649
5650
5651
5652
5653
5655
5657
5660
5661
5663
5664
5666
5669
5670
5671
5672
5675
5676
5677
5678
5679
5681
5682
5684
5691
5694
5695
5698
5703
5708
5715
5719
5722
5723
5724
5725
5727
5728
5729
5730
5731
5732
5736
5738
5739
5740
5741
5742
5744
5746
5747
5748
5749
5751
5754
5758
5760
5762
5767
5768
5769
5770
5771
5772
5774
5775
5776
5778
5781
5782
5783
5785
5786
5791
5792
5795
5796
5797
5798
5799
5801
5802
5804
5805
5806
5807
5812
5816
5819
5821
5823
5824
5825
5829
5830
5831
5832
5834
5835
5841
5843
5844
5845
5850
5851
5854
5855
5857
5858
5859
5862
5865
5867
5868
5870
5872
5873
5874
5879
5880
5883
5884
5887
5890
5892
5893
5895
5896
5897
5898
5902
5903
5905
5906
5907
5909
5910
5914
5915
5916
5917
5922
5923
5925
5926
5928
5932
5933
5934
5937
5939
5941
5945
5946
5947
5948
5950
5951
5952
5954
5955
5956
5958
5963
5964
5965
5966
5968
5979
5980
5982
5985
5988
5989
5991
5993
5994
5997
5998
5999
6000
6001
6003
6006
6011
6013
6014
6015
6016
6019
6020
6022
6023
6028
6034
6036
6041
6043
6045
6046
6048
6049
6050
6052
6057
6058
6059
6063
6064
6065
6066
6067
6068
6069
6071
6075
6079
6080
6083
6084
6085
6086
6089
6091
6092
6093
6097
6098
6099
6102
6103
6104
6105
6107
6108
6112
6115
6116
6117
6118
6119
6122
6123
6125
6126
6127
6132
6136
6138
6140
6141
6142
6144
6146
6147
6148
6150
6156
6157
6160
6161
6162
6164
6167
6168
6173
6174
6176
6178
6180
6183
6184
6185
6188
6191
6195
6196
6199
6204
6206
6208
6209
6214
6215
6216
6217
6218
6219
6220
6221
6222
6224
6226
6227
6229
6230
6234
6236
6237
6241
6242
6249
6253
6254
6256
6257
6258
6259
6261
6262
6265
6266
6270
6271
6273
6274
6277
6278
6280
6281
6283
6284
6286
6288
6290
6291
6292
6295
6296
6297
6298
6300
6303
6304
6307
6308
6311
6312
6322
6323
6324
6325
6326
6327
6328
6330
6333
6334
6337
6339
6341
6344
6345
6346
6347
6348
6349
6353
6356
6359
6361
6362
6363
6364
6366
6369
6371
6372
6373
6374
6375
6378
6380
6381
6382
6383
6384
6387
6389
6391
6393
6394
6395
6399
6404
6407
6409
6411
6413
6414
6416
6417
6418
6420
6421
6422
6423
6424
6425
6427
6428
6429
6434
6436
6438
6440
6441
6442
6447
6448
6449
6450
6451
6453
6454
6456
6458
6460
6461
6462
6465
6470
6473
6474
6475
6478
6479
6483
6487
6488
6490
6491
6492
6493
6495
6497
6498
6499
6500
6502
6506
6507
6509
6511
6512
6515
6519
6527
6530
6531
6532
6533
6534
6535
6538
6539
6540
6541
6543
6544
6545
6550
6551
6552
6554
6556
6558
6560
6561
6562
6563
6564
6565
6566
6567
6570
6571
6572
6573
6575
6577
6579
6580
6581
6582
6584
6585
6586
6588
6591
6592
6593
6594
6595
6597
6598
6599
6604
6606
6609
6610
6612
6616
6617
6621
6622
6623
6624
6626
6628
6629
6630
6633
6636
6637
6645
6646
6647
6648
6649
6651
6652
6656
6658
6659
6660
6662
6666
6667
6668
6669
6670
6671
6674
6679
6680
6682
6683
6684
6686
6689
6693
6694
6695
6696
6700
6701
6705
6706
6707
6708
6715
6717
6720
6721
6723
6726
6727
6728
6729
6730
6731
6734
6735
6737
6738
6740
6741
6745
6746
6747
6748
6751
6753
6756
6759
6762
6764
6768
6769
6772
6773
6776
6780
6781
6782
6783
6785
6792
6793
6796
6797
6798
6805
6807
6808
6810
6811
6812
6813
6815
6817
6818
6819
6823
6824
6826
6830
6831
6832
6836
6837
6838
6840
6841
6842
6844
6845
6846
6848
6851
6855
6856
6858
6859
6863
6866
6871
6872
6873
6877
6879
6880
6881
6882
6888
6889
6890
6891
6893
6894
6895
6896
6898
6903
6905
6908
6910
6912
6913
6914
6916
6917
6923
6926
6928
6929
6930
6935
6937
6939
6941
6943
6945
6948
6950
6951
6952
6954
6956
6958
6960
6962
6964
6969
6972
6973
6975
6976
6978
6982
6983
6984
6985
6987
6989
6991
6992
6993
6994
6996
6997
6998
6999
7003
7006
7011
7016
7017
7018
7020
7025
7029
7035
7036
7039
7041
7042
7043
7046
7047
7048
7049
7050
7054
7055
7056
7061
7062
7063
7064
7069
7071
7072
7075
7076
7077
7078
7079
7081
7082
7083
7087
7090
7091
7094
7095
7097
7098
7101
7102
7104
7107
7109
7110
7112
7118
7119
7120
7121
7124
7125
7126
7127
7128
7131
7137
7138
7139
7140
7141
7143
7144
7146
7147
7148
7151
7152
7154
7156
7157
7161
7163
7164
7165
7168
7172
7178
7180
7181
7185
7186
7187
7190
7193
7194
7196
7198
7199
7200
7202
7203
7205
7208
7210
7211
7212
7213
7214
7216
7221
7226
7227
7228
7234
7236
7237
7240
7244
7247
7249
7251
7253
7254
7255
7256
7257
7259
7262
7263
7265
7266
7268
7270
7271
7273
7278
7284
7285
7289
7290
7291
7292
7293
7294
7298
7299
7300
7304
7305
7307
7313
7318
7319
7320
7321
7322
7323
7325
7331
7332
7333
7336
7337
7338
7339
7340
7342
7343
7344
7346
7347
7348
7349
7351
7358
7359
7361
7363
7368
7369
7371
7372
7374
7376
7377
7379
7380
7383
7384
7385
7386
7390
7391
7392
7394
7396
7397
7398
7400
7403
7405
7406
7407
7409
7412
7413
7417
7422
7424
7426
7428
7432
7433
7434
7435
7438
7439
7440
7441
7442
7447
7448
7449
7450
7452
7454
7456
7457
7459
7461
7463
7466
7469
7470
7472
7474
7475
7477
7478
7480
7481
7483
7487
7489
7490
7493
7497
7498
7500
7501
7503
7504
7505
7507
7508
7510
7511
7514
7517
7518
7520
7521
7522
7523
7524
7529
7534
7537
7538
7540
7541
7545
7547
7550
7551
7552
7553
7554
7555
7558
7559
7560
7561
7562
7564
7565
7567
7568
7569
7570
7571
7576
7578
7579
7580
7581
7582
7583
7584
7585
7586
7588
7591
7592
7594
7596
7597
7598
7599
7601
7603
7605
7606
7607
7609
7610
7612
7613
7616
7618
7620
7623
7625
7626
7627
7630
7631
7633
7634
7635
7637
7641
7642
7643
7645
7646
7647
7649
7650
7652
7653
7654
7669
7672
7673
7674
7677
7678
7679
7680
7682
7685
7686
7691
7692
7693
7694
7695
7696
7698
7699
7700
7702
7709
7710
7714
7716
7717
7718
7719
7721
7723
7726
7727
7728
7730
7731
7734
7735
7736
7738
7739
7741
7742
7744
7745
7746
7752
7754
7758
7760
7761
7765
7766
7770
7776
7778
7779
7781
7783
7784
7785
7786
7788
7790
7794
7795
7796
7798
7800
7801
7803
7805
7806
7808
7809
7810
7813
7815
7816
7817
7819
7821
7826
7827
7829
7831
7833
7835
7837
7838
7840
7841
7843
7844
7847
7850
7852
7854
7855
7857
7858
7859
7861
7864
7865
7866
7868
7869
7871
7873
7874
7876
7878
7883
7889
7893
7894
7895
7901
7903
7905
7906
7908
7912
7914
7916
7919
7921
7922
7923
7930
7931
7932
7936
7937
7940
7941
7942
7945
7947
7948
7949
7951
7952
7955
7959
7963
7970
7971
7975
7976
7977
7978
7980
7981
7984
7986
7987
7994
7998
7999
8000
8002
8007
8008
8009
8013
8014
8017
8019
8021
8023
8025
8028
8030
8031
8032
8033
8036
8040
8042
8044
8045
8046
8047
8048
8053
8060
8066
8068
8070
8071
8073
8077
8081
8084
8087
8088
8091
8093
8095
8096
8097
8098
8103
8104
8106
8107
8109
8114
8115
8116
8119
8120
8121
8122
8123
8127
8130
8131
8132
8133
8135
8138
8139
8140
8142
8143
8146
8147
8148
8152
8154
8159
8160
8162
8163
8164
8165
8167
8168
8169
8170
8171
8172
8174
8177
8178
8179
8181
8183
8184
8185
8186
8187
8188
8194
8202
8205
8206
8208
8213
8216
8218
8222
8223
8224
8227
8230
8231
8232
8234
8235
8237
8238
8239
8241
8242
8243
8244
8245
8248
8250
8251
8255
8256
8257
8258
8261
8266
8267
8268
8269
8272
8273
8274
8275
8276
8277
8279
8280
8281
8284
8285
8286
8288
8290
8291
8293
8294
8295
8300
8306
8307
8308
8309
8315
8318
8319
8320
8321
8322
8323
8324
8327
8330
8331
8332
8333
8334
8336
8337
8342
8349
8350
8353
8357
8358
8360
8362
8367
8369
8370
8372
8373
8374
8378
8383
8386
8387
8388
8392
8393
8398
8399
8401
8402
8403
8407
8409
8411
8412
8413
8417
8421
8422
8426
8427
8428
8429
8431
8432
8434
8435
8436
8439
8440
8441
8442
8443
8445
8446
8447
8452
8453
8455
8458
8459
8462
8463
8465
8467
8469
8470
8471
8472
8476
8480
8483
8484
8486
8487
8488
8491
8492
8494
8495
8497
8498
8499
8500
8501
8502
8504
8509
8510
8511
8513
8518
8522
8523
8527
8531
8533
8535
8536
8538
8540
8545
8546
8548
8549
8550
8551
8554
8555
8556
8557
8558
8559
8563
8567
8568
8569
8571
8574
8576
8577
8579
8580
8584
8589
8590
8591
8592
8594
8595
8596
8597
8598
8599
8603
8604
8605
8606
8610
8612
8613
8616
8617
8619
8621
8622
8623
8624
8626
8628
8629
8631
8633
8634
8636
8637
8640
8643
8645
8646
8647
8650
8652
8654
8655
8656
8657
8658
8659
8664
8665
8668
8672
8675
8681
8683
8684
8686
8689
8690
8694
8695
8703
8705
8706
8707
8711
8712
8713
8714
8715
8721
8723
8724
8726
8727
8729
8730
8731
8732
8734
8735
8741
8742
8743
8744
8745
8746
8747
8748
8751
8754
8755
8756
8757
8758
8760
8761
8762
8765
8767
8768
8770
8771
8772
8773
8774
8775
8776
8780
8782
8783
8786
8789
8790
8791
8795
8796
8797
8798
8799
8801
8802
8805
8808
8809
8816
8817
8818
8819
8829
8830
8838
8840
8841
8843
8846
8847
8850
8851
8852
8854
8859
8860
8861
8862
8865
8866
8867
8870
8871
8873
8874
8879
8881
8882
8883
8887
8888
8889
8892
8893
8896
8898
8901
8902
8903
8904
8905
8906
8907
8908
8909
8910
8911
8912
8914
8915
8919
8920
8921
8924
8925
8927
8928
8931
8932
8933
8934
8937
8938
8940
8941
8943
8946
8948
8951
8952
8955
8956
8957
8958
8961
8964
8966
8967
8968
8971
8972
8973
8974
8975
8976
8979
8985
8988
8989
8991
8992
8994
8996
8997
8998
9000
9001
9002
9004
9005
9007
9013
9014
9016
9022
9024
9029
9031
9032
9033
9036
9037
9038
9039
9042
9044
9046
9048
9051
9053
9056
9064
9066
9068
9069
9070
9071
9072
9073
9077
9078
9079
9080
9082
9085
9086
9087
9088
9096
9097
9098
9101
9102
9103
9104
9105
9106
9108
9112
9116
9118
9119
9120
9123
9124
9125
9126
9127
9128
9130
9136
9140
9141
9144
9146
9148
9151
9152
9153
9154
9155
9156
9157
9158
9159
9162
9165
9168
9170
9172
9173
9174
9175
9176
9177
9180
9181
9182
9183
9184
9185
9186
9189
9191
9194
9197
9201
9203
9204
9209
9210
9213
9214
9215
9217
9221
9222
9225
9227
9228
9230
9232
9233
9235
9238
9240
9241
9244
9245
9246
9247
9248
9253
9255
9257
9259
9260
9262
9263
9265
9269
9271
9273
9276
9277
9281
9283
9285
9287
9288
9289
9292
9293
9294
9295
9298
9299
9301
9303
9305
9309
9311
9312
9313
9315
9317
9320
9321
9322
9323
9324
9325
9328
9329
9330
9331
9332
9333
9337
9339
9342
9343
9345
9349
9350
9351
9354
9360
9363
9364
9365
9368
9370
9371
9372
9380
9383
9384
9387
9388
9391
9392
9395
9397
9399
9401
9402
9403
9404
9405
9406
9409
9413
9414
9416
9417
9422
9423
9425
9426
9430
9432
9433
9434
9436
9437
9439
9442
9445
9446
9450
9453
9456
9457
9460
9461
9462
9463
9464
9465
9468
9469
9471
9474
9476
9477
9478
9479
9480
9481
9483
9485
9486
9487
9488
9489
9491
9495
9498
9499
9500
9508
9513
9514
9517
9518
9521
9523
9524
9527
9529
9530
9533
9534
9538
9541
9546
9547
9548
9551
9553
9555
9558
9559
9561
9563
9564
9565
9566
9568
9569
9574
9575
9576
9577
9582
9583
9584
9587
9589
9592
9593
9597
9600
9603
9607
9608
9610
9614
9619
9620
9621
9623
9625
9630
9634
9635
9637
9638
9640
9641
9642
9645
9653
9655
9659
9663
9664
9665
9671
9674
9677
9678
9680
9681
9683
9685
9686
9687
9689
9690
9693
9694
9696
9698
9700
9701
9702
9706
9707
9708
9710
9712
9716
9719
9720
9722
9724
9726
9728
9730
9732
9738
9741
9742
9744
9747
9748
9750
9753
9755
9757
9759
9760
9763
9764
9765
9766
9767
9768
9769
9770
9773
9774
9776
9777
9778
9779
9785
9786
9787
9788
9793
9795
9797
9798
9799
9800
9801
9803
9806
9807
9808
9811
9813
9814
9816
9818
9820
9821
9825
9830
9832
9834
9836
9841
9843
9844
9845
9849
9851
9852
9856
9860
9865
9866
9869
9871
9874
9876
9879
9881
9883
9890
9891
9892
9893
9895
9896
9897
9902
9904
9906
9908
9910
9911
9912
9914
9915
9916
9917
9921
9923
9924
9925
9926
9927
9934
9935
9937
9938
9939
9941
9944
9945
9947
9949
9951
9952
9953
9957
9958
9959
9960
9966
9967
9968
9969
9970
9973
9974
9976
9977
9979
9982
9984
9985
9986
9988
9991
9992
9993
9994
9999
