8
10
16
20
22
26
28
38
42
49
52
53
55
57
58
60
64
70
72
73
75
78
80
82
84
87
91
92
97
98
100
106
108
109
114
115
123
124
127
129
130
139
141
142
143
144
146
150
156
161
163
165
166
168
174
175
176
181
182
185
187
189
190
194
195
197
204
205
209
212
215
221
226
231
239
241
242
246
248
250
252
254
255
256
259
277
283
285
287
288
289
290
292
293
295
296
297
299
301
302
305
313
315
323
330
337
340
341
342
343
347
349
352
362
373
374
377
386
388
391
392
394
396
397
399
407
408
410
413
414
415
419
421
426
428
429
430
431
434
436
443
448
454
455
456
458
459
467
468
469
473
478
479
481
482
485
486
487
489
503
509
513
523
530
532
533
539
549
551
558
559
564
573
577
578
580
586
597
598
602
604
609
611
612
616
617
620
621
632
634
638
640
644
649
651
652
660
666
672
674
675
677
682
687
691
696
699
702
705
709
711
715
724
726
727
728
732
734
735
737
741
743
749
756
761
772
775
778
792
795
798
799
801
802
813
814
817
822
823
825
826
828
830
837
838
842
849
850
851
854
855
857
859
860
862
863
867
870
874
878
886
889
890
891
896
898
904
906
907
912
914
919
924
928
929
930
931
937
944
947
951
956
957
962
964
966
973
974
975
981
986
995
996
998
999
1000
1004
1009
1011
1019
1023
1027
1035
1038
1040
1044
1048
1054
1059
1061
1065
1072
1077
1078
1081
1090
1092
1099
1101
1102
1107
1108
1110
1111
1113
1117
1120
1127
1131
1133
1136
1138
1139
1140
1146
1149
1153
1154
1155
1158
1160
1162
1165
1166
1172
1177
1181
1182
1186
1189
1193
1196
1198
1200
1202
1205
1207
1210
1212
1213
1214
1215
1236
1242
1244
1245
1251
1252
1255
1256
1257
1258
1260
1261
1262
1264
1265
1272
1274
1278
1281
1282
1292
1305
1308
1310
1312
1316
1322
1326
1332
1335
1340
1343
1347
1354
1360
1362
1366
1368
1374
1384
1396
1397
1412
1413
1414
1415
1416
1417
1434
1435
1436
1438
1442
1446
1447
1448
1455
1463
1467
1471
1476
1482
1485
1489
1492
1495
1497
1506
1507
1510
1515
1518
1524
1526
1527
1528
1530
1531
1536
1538
1539
1541
1545
1552
1555
1556
1569
1571
1575
1576
1577
1578
1584
1586
1588
1595
1599
1601
1603
1609
1612
1614
1616
1617
1618
1621
1625
1626
1628
1631
1635
1638
1641
1644
1648
1653
1654
1657
1658
1660
1661
1664
1666
1667
1668
1669
1670
1674
1676
1678
1680
1681
1682
1684
1695
1699
1700
1701
1703
1707
1717
1721
1723
1726
1727
1730
1737
1748
1750
1751
1753
1764
1766
1774
1780
1781
1785
1786
1787
1789
1791
1798
1800
1804
1805
1810
1812
1816
1820
1821
1822
1825
1833
1834
1835
1837
1838
1841
1844
1849
1852
1853
1854
1856
1857
1859
1860
1866
1869
1870
1872
1873
1882
1883
1889
1896
1908
1909
1910
1911
1913
1922
1924
1929
1930
1932
1936
1940
1946
1948
1949
1957
1958
1960
1962
1964
1965
1967
1968
1973
1978
1986
1993
1994
1995
2006
2007
2008
2020
2024
2032
2035
2036
2037
2038
2048
2054
2060
2063
2064
2069
2071
2072
2077
2081
2085
2086
2088
2091
2092
2095
2105
2109
2116
2119
2120
2126
2127
2135
2137
2142
2145
2148
2149
2155
2160
2165
2168
2171
2174
2175
2180
2182
2183
2184
2190
2194
2202
2205
2208
2211
2217
2221
2225
2227
2228
2231
2232
2240
2241
2242
2244
2247
2248
2250
2252
2254
2255
2257
2260
2261
2265
2266
2271
2272
2274
2275
2277
2278
2279
2280
2281
2286
2292
2294
2300
2301
2302
2305
2308
2311
2312
2315
2316
2318
2321
2325
2327
2329
2330
2334
2338
2339
2345
2371
2381
2382
2389
2390
2392
2395
2398
2399
2401
2403
2406
2411
2415
2417
2419
2420
2422
2424
2426
2429
2430
2439
2441
2452
2453
2458
2473
2474
2476
2478
2485
2486
2488
2489
2493
2494
2500
2501
2503
2504
2507
2509
2510
2511
2522
2523
2524
2528
2532
2534
2537
2538
2546
2547
2553
2556
2557
2558
2560
2561
2563
2564
2566
2571
2576
2580
2584
2587
2588
2589
2595
2598
2606
2609
2619
2621
2622
2623
2625
2631
2640
2642
2646
2651
2652
2655
2659
2660
2666
2667
2669
2671
2673
2675
2686
2687
2690
2691
2696
2698
2699
2702
2708
2710
2711
2719
2723
2735
2736
2737
2743
2744
2745
2748
2752
2753
2754
2755
2759
2760
2762
2768
2772
2774
2775
2776
2781
2784
2786
2794
2801
2803
2804
2808
2809
2814
2820
2821
2826
2828
2829
2830
2833
2834
2835
2836
2837
2842
2843
2849
2851
2854
2855
2858
2862
2864
2870
2875
2879
2884
2887
2891
2892
2896
2900
2902
2904
2909
2912
2913
2914
2915
2916
2919
2923
2924
2925
2929
2935
2936
2938
2940
2941
2942
2945
2946
2948
2949
2950
2952
2958
2962
2963
2966
2967
2973
2979
2984
2987
2988
3000
3001
3002
3004
3005
3007
3008
3012
3015
3018
3021
3026
3028
3036
3037
3043
3044
3047
3050
3052
3060
3062
3067
3077
3082
3085
3088
3089
3091
3092
3097
3101
3102
3103
3104
3106
3107
3108
3109
3110
3112
3113
3118
3120
3121
3125
3126
3128
3139
3142
3143
3144
3148
3151
3152
3155
3157
3158
3160
3167
3168
3171
3172
3173
3178
3179
3183
3188
3190
3193
3194
3196
3197
3198
3202
3207
3211
3215
3216
3218
3221
3224
3226
3229
3230
3233
3236
3241
3244
3246
3247
3248
3256
3262
3265
3267
3275
3276
3282
3283
3284
3289
3291
3298
3300
3301
3306
3309
3313
3314
3316
3320
3322
3324
3330
3340
3345
3348
3351
3352
3353
3355
3366
3368
3370
3380
3382
3384
3385
3386
3387
3390
3394
3397
3403
3405
3409
3414
3424
3428
3429
3430
3434
3435
3438
3443
3444
3451
3456
3460
3462
3464
3476
3485
3488
3493
3502
3504
3506
3507
3509
3513
3519
3520
3522
3523
3526
3527
3535
3538
3541
3542
3547
3549
3552
3553
3554
3557
3558
3567
3570
3571
3572
3573
3574
3576
3578
3581
3582
3587
3589
3600
3602
3604
3606
3607
3608
3610
3612
3613
3620
3625
3626
3630
3632
3639
3642
3649
3652
3653
3659
3661
3663
3665
3666
3667
3670
3676
3678
3680
3681
3682
3683
3689
3693
3694
3695
3698
3699
3700
3711
3717
3718
3719
3722
3725
3728
3730
3735
3737
3743
3744
3746
3749
3753
3758
3760
3765
3767
3771
3772
3775
3778
3781
3782
3783
3789
3791
3794
3803
3804
3807
3809
3815
3822
3826
3827
3828
3830
3834
3835
3843
3845
3849
3860
3863
3874
3875
3878
3883
3885
3889
3898
3911
3918
3925
3934
3935
3936
3941
3948
3952
3957
3958
3961
3964
3966
3967
3968
3971
3983
3997
3999
4000
4013
4017
4026
4027
4029
4041
4048
4052
4053
4055
4058
4059
4060
4062
4068
4077
4079
4084
4093
4095
4096
4098
4099
4101
4106
4107
4110
4117
4119
4126
4128
4129
4132
4136
4137
4139
4154
4157
4159
4160
4161
4162
4170
4173
4175
4177
4178
4179
4181
4184
4186
4187
4188
4192
4193
4198
4200
4203
4204
4205
4210
4212
4224
4225
4229
4233
4234
4235
4244
4250
4254
4255
4256
4257
4269
4272
4275
4277
4279
4281
4283
4288
4294
4295
4301
4305
4312
4316
4318
4320
4327
4329
4330
4331
4333
4335
4341
4345
4349
4350
4355
4356
4361
4363
4367
4373
4383
4384
4393
4394
4395
4396
4400
4403
4413
4415
4419
4420
4421
4427
4428
4430
4435
4436
4437
4439
4440
4442
4449
4453
4460
4461
4463
4464
4468
4469
4474
4475
4477
4480
4494
4498
4500
4503
4506
4510
4520
4523
4537
4544
4546
4549
4552
4554
4566
4567
4572
4578
4588
4589
4592
4596
4599
4610
4614
4619
4621
4625
4629
4633
4637
4638
4639
4641
4643
4650
4652
4653
4655
4656
4657
4659
4661
4669
4672
4674
4675
4676
4678
4679
4681
4683
4684
4688
4689
4695
4697
4698
4700
4702
4703
4706
4712
4713
4714
4716
4717
4719
4725
4726
4727
4732
4733
4738
4739
4744
4745
4748
4749
4751
4755
4759
4763
4767
4775
4778
4781
4785
4790
4791
4797
4799
4800
4802
4803
4805
4810
4812
4815
4817
4827
4840
4842
4843
4845
4849
4854
4855
4860
4871
4872
4875
4877
4879
4886
4896
4900
4902
4906
4907
4909
4912
4916
4921
4926
4927
4928
4931
4934
4940
4943
4944
4946
4947
4951
4952
4953
4958
4960
4964
4966
4969
4972
4975
4977
4978
4980
4982
4988
4991
4992
4993
4998
5000
5013
5018
5024
5035
5037
5039
5041
5047
5049
5050
5054
5056
5057
5064
5065
5066
5076
5082
5085
5087
5088
5091
5100
5101
5103
5109
5110
5117
5123
5125
5128
5135
5138
5140
5144
5148
5150
5157
5158
5159
5162
5164
5167
5169
5170
5172
5175
5180
5182
5187
5188
5194
5198
5207
5215
5218
5219
5221
5224
5225
5230
5233
5237
5239
5241
5243
5246
5249
5251
5258
5265
5266
5271
5272
5274
5277
5286
5289
5290
5292
5296
5307
5308
5312
5315
5317
5319
5320
5321
5323
5325
5328
5329
5330
5333
5336
5340
5353
5358
5361
5364
5367
5371
5379
5385
5387
5388
5389
5390
5393
5402
5403
5404
5409
5413
5416
5417
5418
5419
5421
5425
5430
5432
5434
5438
5457
5459
5460
5464
5471
5473
5474
5478
5482
5485
5486
5488
5490
5499
5500
5501
5502
5503
5504
5505
5508
5511
5515
5521
5524
5528
5529
5534
5542
5543
5544
5550
5553
5556
5558
5559
5561
5564
5566
5579
5582
5583
5584
5585
5589
5592
5594
5597
5601
5605
5617
5620
5625
5627
5630
5632
5633
5634
5636
5638
5644
5654
5664
5666
5667
5679
5684
5685
5688
5692
5697
5704
5707
5711
5712
5714
5716
5717
5720
5722
5728
5732
5733
5736
5737
5738
5741
5742
5744
5748
5751
5753
5754
5756
5757
5758
5760
5761
5764
5769
5770
5779
5782
5785
5786
5787
5791
5792
5793
5795
5799
5802
5808
5809
5811
5812
5813
5817
5819
5820
5822
5828
5830
5831
5833
5834
5838
5840
5842
5843
5845
5850
5851
5856
5858
5860
5864
5865
5868
5873
5875
5876
5877
5880
5881
5884
5887
5893
5895
5899
5901
5902
5903
5904
5912
5914
5920
5922
5923
5926
5927
5928
5939
5948
5950
5957
5959
5960
5962
5963
5964
5966
5969
5970
5971
5972
5976
5980
5981
5985
5992
5996
5999
6001
6011
6012
6015
6017
6022
6026
6031
6038
6040
6044
6046
6050
6058
6061
6068
6072
6082
6083
6085
6086
6087
6090
6093
6098
6105
6108
6110
6118
6120
6125
6126
6128
6130
6137
6138
6140
6142
6143
6145
6146
6147
6148
6151
6152
6154
6165
6166
6167
6168
6172
6174
6177
6178
6179
6181
6188
6192
6194
6195
6197
6199
6207
6211
6213
6218
6219
6220
6224
6228
6230
6232
6236
6238
6239
6248
6253
6255
6266
6274
6280
6281
6283
6286
6287
6288
6290
6294
6301
6305
6307
6308
6310
6313
6314
6316
6323
6325
6327
6332
6334
6337
6340
6341
6342
6348
6363
6368
6369
6372
6378
6384
6387
6392
6395
6398
6399
6401
6403
6407
6414
6415
6421
6422
6424
6425
6430
6431
6433
6435
6436
6442
6443
6445
6446
6448
6452
6460
6463
6467
6471
6477
6481
6484
6490
6495
6498
6502
6506
6508
6515
6516
6517
6522
6523
6528
6532
6535
6538
6540
6542
6544
6545
6547
6549
6553
6561
6564
6574
6577
6578
6582
6587
6588
6590
6594
6595
6596
6598
6599
6608
6609
6611
6612
6616
6620
6622
6627
6628
6629
6637
6638
6640
6641
6645
6652
6659
6664
6670
6673
6675
6679
6689
6695
6699
6704
6708
6709
6721
6724
6725
6730
6732
6737
6739
6747
6752
6754
6758
6760
6763
6771
6772
6774
6778
6781
6785
6794
6795
6797
6799
6804
6808
6812
6816
6820
6822
6824
6829
6833
6834
6836
6846
6848
6849
6850
6859
6862
6863
6872
6874
6876
6880
6881
6884
6885
6887
6892
6895
6899
6900
6904
6905
6906
6907
6911
6914
6917
6918
6920
6924
6925
6929
6933
6934
6935
6936
6938
6940
6941
6943
6948
6954
6958
6959
6960
6961
6962
6966
6967
6968
6969
6971
6972
6973
6974
6975
6979
6986
6991
6993
6995
6997
6998
7001
7004
7011
7017
7018
7026
7028
7029
7031
7032
7033
7034
7037
7047
7050
7054
7056
7062
7065
7068
7069
7071
7073
7074
7075
7085
7086
7090
7097
7099
7107
7128
7130
7133
7134
7135
7141
7148
7150
7152
7156
7167
7170
7172
7173
7174
7180
7182
7185
7186
7190
7191
7195
7196
7198
7199
7207
7211
7217
7218
7221
7226
7231
7234
7235
7244
7248
7251
7252
7255
7259
7260
7264
7271
7274
7275
7284
7285
7290
7299
7301
7303
7304
7305
7311
7312
7323
7324
7326
7327
7329
7331
7338
7342
7343
7351
7352
7357
7361
7362
7365
7369
7370
7372
7373
7383
7385
7387
7391
7393
7394
7397
7398
7399
7400
7403
7407
7408
7411
7415
7416
7421
7423
7425
7427
7428
7432
7440
7441
7445
7448
7456
7460
7462
7463
7473
7478
7481
7486
7493
7496
7499
7504
7510
7512
7516
7518
7525
7531
7534
7535
7536
7539
7542
7555
7558
7562
7563
7564
7569
7571
7579
7580
7583
7585
7587
7589
7590
7595
7598
7599
7602
7606
7612
7614
7620
7622
7626
7627
7630
7632
7633
7636
7638
7640
7644
7649
7656
7657
7658
7659
7664
7666
7668
7670
7673
7676
7678
7682
7695
7696
7701
7709
7715
7716
7730
7735
7736
7743
7745
7750
7755
7756
7757
7762
7768
7770
7776
7781
7792
7793
7794
7795
7799
7805
7807
7808
7811
7813
7815
7817
7820
7829
7830
7832
7834
7836
7837
7838
7840
7841
7842
7846
7847
7850
7853
7855
7856
7858
7863
7865
7869
7878
7883
7887
7892
7895
7896
7904
7905
7907
7911
7914
7915
7918
7923
7925
7926
7930
7931
7932
7933
7936
7942
7949
7950
7952
7959
7960
7961
7967
7972
7973
7976
7981
7991
7994
7998
7999
8006
8009
8011
8019
8021
8022
8023
8024
8028
8032
8034
8038
8039
8040
8045
8048
8050
8053
8054
8058
8061
8063
8065
8066
8068
8070
8072
8074
8075
8078
8079
8081
8085
8100
8103
8106
8109
8111
8114
8116
8120
8122
8123
8131
8133
8137
8139
8140
8141
8142
8145
8154
8160
8161
8163
8164
8165
8166
8172
8175
8178
8179
8184
8185
8188
8191
8192
8198
8201
8205
8206
8208
8210
8216
8217
8222
8226
8232
8233
8235
8239
8241
8244
8246
8255
8271
8276
8277
8278
8280
8282
8290
8291
8293
8294
8300
8303
8308
8310
8313
8315
8317
8319
8324
8325
8326
8330
8335
8342
8344
8345
8349
8352
8354
8355
8356
8363
8364
8367
8371
8378
8385
8391
8396
8400
8406
8407
8410
8413
8415
8422
8425
8429
8431
8434
8435
8439
8443
8444
8452
8457
8459
8462
8463
8466
8470
8471
8474
8476
8478
8482
8484
8488
8498
8500
8501
8502
8512
8513
8517
8518
8523
8525
8528
8532
8538
8542
8551
8556
8559
8562
8563
8567
8568
8576
8578
8579
8592
8595
8600
8606
8609
8611
8612
8618
8622
8626
8628
8632
8651
8654
8659
8660
8663
8668
8669
8676
8678
8680
8681
8682
8683
8693
8695
8702
8711
8713
8716
8717
8719
8720
8724
8725
8726
8728
8734
8737
8741
8742
8743
8751
8757
8758
8759
8760
8764
8765
8768
8771
8773
8774
8776
8779
8782
8785
8786
8787
8788
8790
8796
8797
8799
8800
8802
8804
8812
8813
8814
8819
8830
8832
8835
8836
8838
8840
8844
8847
8848
8849
8853
8856
8858
8867
8872
8874
8876
8878
8880
8883
8884
8885
8886
8888
8889
8890
8893
8898
8899
8903
8909
8915
8917
8918
8921
8923
8924
8930
8931
8932
8934
8936
8939
8940
8941
8945
8948
8950
8951
8956
8958
8961
8963
8968
8972
8974
8976
8985
8991
8992
8993
8999
9000
9004
9009
9018
9019
9020
9021
9023
9025
9030
9032
9034
9035
9041
9045
9053
9059
9060
9062
9063
9067
9073
9074
9076
9079
9089
9092
9093
9100
9102
9104
9105
9106
9111
9113
9116
9124
9125
9127
9128
9132
9133
9135
9136
9144
9150
9154
9174
9175
9177
9178
9181
9193
9198
9200
9206
9207
9210
9215
9221
9222
9227
9229
9233
9235
9241
9243
9247
9248
9249
9253
9255
9260
9261
9265
9266
9267
9268
9270
9273
9274
9275
9284
9285
9287
9292
9293
9295
9296
9298
9299
9300
9316
9317
9321
9325
9326
9328
9330
9337
9342
9349
9350
9353
9355
9359
9361
9362
9363
9364
9365
9367
9385
9390
9391
9394
9396
9401
9403
9405
9410
9412
9413
9420
9424
9431
9435
9440
9451
9455
9459
9463
9464
9465
9466
9467
9470
9472
9476
9480
9481
9482
9483
9486
9488
9491
9494
9497
9499
9503
9508
9510
9511
9519
9523
9524
9530
9534
9539
9543
9547
9549
9556
9557
9566
9568
9571
9573
9575
9579
9580
9591
9595
9596
9597
9598
9601
9602
9606
9607
9608
9616
9625
9628
9634
9637
9640
9645
9649
9650
9653
9655
9656
9657
9662
9665
9668
9669
9674
9684
9685
9689
9691
9697
9699
9702
9708
9711
9712
9721
9726
9727
9728
9729
9734
9738
9743
9744
9750
9753
9757
9766
9779
9785
9786
9789
9794
9803
9804
9808
9809
9811
9815
9816
9817
9818
9821
9824
9826
9827
9829
9837
9839
9840
9841
9846
9851
9853
9855
9858
9861
9864
9872
9874
9877
9884
9888
9890
9895
9900
9901
9903
9906
9915
9928
9933
9934
9935
9936
9937
9940
9942
9943
9951
9954
9959
9960
9962
9964
9969
9970
9975
9978
9981
9984
9985
9987
9988
9989
9991
9992
9996
9997
