9
12
18
50
52
58
63
66
72
79
80
82
95
101
112
116
121
131
132
150
168
179
183
204
215
217
220
225
226
228
230
231
242
246
247
248
249
258
265
296
297
306
315
327
331
360
396
410
420
426
428
441
446
449
451
475
486
491
499
504
511
526
529
540
541
542
544
553
554
571
579
584
591
598
603
616
625
627
636
644
651
653
666
677
683
685
688
689
694
695
697
706
724
728
730
734
758
766
770
772
791
798
804
809
810
811
816
822
826
833
841
848
856
863
886
895
906
915
916
917
920
922
924
927
935
936
937
940
945
964
969
981
983
985
990
1002
1005
1006
1011
1016
1045
1049
1050
1069
1070
1076
1090
1095
1098
1114
1116
1121
1122
1125
1128
1137
1147
1150
1159
1162
1164
1173
1182
1183
1184
1206
1207
1210
1224
1233
1235
1238
1247
1250
1260
1270
1282
1284
1297
1306
1307
1320
1337
1338
1343
1349
1350
1355
1362
1368
1371
1372
1373
1382
1395
1397
1408
1410
1416
1422
1424
1434
1437
1443
1445
1449
1463
1464
1467
1472
1487
1491
1506
1507
1512
1515
1519
1525
1530
1536
1543
1545
1549
1555
1560
1566
1568
1577
1580
1595
1602
1616
1635
1641
1642
1645
1653
1657
1663
1664
1667
1674
1676
1694
1702
1704
1711
1722
1727
1730
1735
1745
1754
1762
1765
1782
1789
1799
1803
1807
1809
1815
1828
1839
1849
1863
1868
1879
1895
1914
1921
1923
1930
1932
1941
1942
1947
1949
1954
1962
1969
1977
1978
1979
1985
1991
1999
2008
2020
2031
2032
2040
2048
2050
2055
2056
2072
2081
2082
2083
2086
2097
2100
2107
2125
2128
2141
2144
2152
2154
2155
2159
2172
2176
2181
2182
2184
2189
2190
2201
2204
2212
2213
2217
2223
2230
2231
2232
2234
2237
2246
2247
2262
2263
2276
2286
2291
2292
2294
2298
2330
2332
2336
2344
2365
2366
2382
2384
2385
2389
2390
2404
2417
2453
2462
2467
2471
2475
2476
2477
2510
2511
2513
2518
2528
2529
2530
2531
2540
2541
2544
2547
2552
2557
2558
2559
2561
2571
2579
2587
2594
2613
2615
2626
2652
2655
2658
2673
2680
2689
2697
2698
2702
2710
2727
2743
2745
2752
2757
2759
2768
2771
2772
2773
2778
2785
2789
2793
2798
2803
2809
2816
2834
2840
2842
2878
2883
2885
2889
2899
2923
2926
2933
2937
2967
2970
2982
2985
2995
2998
3000
3001
3004
3008
3010
3016
3017
3021
3023
3034
3038
3043
3047
3058
3070
3073
3081
3084
3086
3094
3096
3102
3103
3105
3120
3122
3129
3131
3136
3137
3138
3139
3141
3173
3182
3185
3194
3196
3199
3201
3202
3210
3218
3240
3245
3247
3254
3255
3267
3274
3281
3285
3290
3299
3301
3302
3319
3334
3338
3352
3353
3355
3362
3368
3369
3376
3380
3394
3395
3396
3398
3408
3411
3416
3420
3426
3433
3441
3461
3469
3482
3485
3489
3493
3510
3513
3515
3519
3523
3535
3546
3559
3560
3561
3565
3575
3578
3580
3582
3586
3590
3595
3596
3609
3613
3616
3622
3639
3640
3641
3648
3657
3660
3664
3669
3676
3679
3691
3705
3706
3707
3716
3721
3722
3727
3728
3731
3742
3745
3763
3772
3783
3785
3790
3807
3820
3840
3841
3848
3850
3852
3853
3860
3866
3875
3910
3915
3916
3919
3937
3947
3948
3952
3957
3965
3968
3969
3974
3975
3989
3994
4003
4008
4015
4029
4035
4041
4046
4049
4052
4054
4060
4070
4072
4073
4081
4085
4094
4098
4102
4103
4108
4113
4139
4148
4162
4168
4170
4171
4173
4177
4191
4200
4226
4228
4229
4239
4245
4261
4285
4288
4292
4304
4307
4321
4322
4330
4331
4332
4342
4346
4352
4355
4358
4361
4366
4371
4380
4383
4385
4394
4395
4401
4404
4408
4414
4422
4423
4428
4435
4436
4440
4441
4448
4450
4453
4455
4463
4467
4496
4502
4508
4530
4531
4561
4568
4572
4575
4584
4586
4587
4591
4596
4611
4616
4621
4644
4647
4652
4654
4666
4671
4674
4681
4691
4700
4702
4703
4707
4714
4718
4733
4735
4736
4740
4746
4752
4760
4768
4770
4785
4798
4800
4824
4834
4838
4841
4847
4867
4868
4886
4899
4905
4915
4919
4926
4927
4936
4946
4957
4965
4966
4983
4985
4988
4991
4995
5003
5008
5013
5017
5026
5037
5046
5058
5060
5073
5077
5079
5090
5092
5117
5128
5133
5144
5171
5172
5173
5182
5204
5207
5209
5226
5232
5235
5240
5244
5254
5259
5262
5265
5277
5285
5286
5303
5304
5309
5313
5316
5320
5323
5325
5331
5334
5335
5340
5347
5360
5370
5371
5372
5379
5389
5392
5396
5402
5403
5404
5423
5424
5432
5433
5446
5455
5465
5466
5470
5471
5474
5479
5494
5497
5508
5510
5517
5522
5523
5530
5534
5540
5548
5553
5555
5561
5596
5611
5615
5628
5639
5640
5654
5656
5657
5665
5669
5674
5694
5695
5705
5712
5715
5716
5720
5723
5724
5733
5739
5741
5747
5761
5765
5770
5783
5792
5805
5809
5811
5824
5838
5848
5853
5862
5865
5868
5873
5884
5894
5898
5902
5908
5912
5924
5925
5926
5929
5932
5934
5935
5942
5945
5958
5974
5981
5985
5996
6021
6024
6031
6032
6038
6041
6048
6052
6054
6058
6060
6072
6077
6094
6102
6111
6138
6139
6142
6143
6147
6155
6173
6178
6179
6197
6204
6213
6219
6244
6256
6257
6267
6270
6272
6273
6282
6285
6286
6289
6290
6296
6298
6300
6309
6329
6331
6332
6349
6358
6369
6370
6386
6387
6393
6395
6396
6398
6399
6403
6406
6410
6416
6417
6422
6424
6433
6440
6446
6456
6465
6472
6475
6481
6487
6488
6512
6522
6525
6532
6538
6540
6541
6547
6549
6579
6580
6584
6592
6603
6612
6614
6622
6632
6637
6664
6666
6670
6675
6679
6686
6688
6692
6699
6704
6707
6724
6728
6735
6748
6763
6766
6770
6776
6777
6784
6786
6793
6805
6806
6807
6816
6821
6825
6830
6841
6844
6848
6860
6862
6863
6867
6872
6879
6881
6885
6886
6892
6898
6904
6907
6921
6922
6935
6937
6953
6958
6959
6960
6963
6969
6975
6980
6984
6992
6994
6995
6998
7000
7008
7010
7013
7016
7017
7026
7040
7042
7044
7045
7050
7067
7070
7072
7076
7080
7081
7096
7102
7107
7123
7129
7131
7134
7136
7145
7146
7147
7168
7177
7178
7181
7188
7189
7202
7204
7216
7222
7226
7227
7238
7261
7269
7272
7274
7280
7293
7294
7299
7306
7326
7331
7333
7336
7349
7351
7358
7363
7367
7369
7371
7374
7381
7382
7388
7391
7402
7435
7439
7457
7461
7465
7471
7475
7479
7484
7489
7494
7502
7513
7520
7528
7538
7544
7570
7586
7589
7596
7600
7611
7612
7616
7630
7631
7641
7648
7655
7660
7663
7666
7667
7680
7685
7700
7705
7711
7714
7722
7729
7733
7742
7744
7749
7756
7757
7764
7770
7782
7790
7797
7798
7805
7809
7818
7822
7823
7826
7827
7830
7832
7846
7857
7871
7874
7880
7888
7890
7893
7895
7897
7905
7912
7914
7918
7924
7931
7947
7960
7969
8004
8009
8010
8011
8035
8036
8067
8068
8075
8079
8094
8104
8112
8119
8122
8126
8129
8132
8133
8136
8146
8148
8149
8150
8153
8164
8166
8183
8194
8205
8209
8211
8221
8225
8226
8229
8232
8234
8242
8258
8263
8291
8293
8303
8306
8309
8314
8342
8349
8352
8357
8358
8360
8361
8362
8363
8398
8404
8407
8415
8421
8438
8440
8442
8445
8473
8474
8481
8487
8488
8492
8498
8509
8512
8515
8519
8523
8526
8529
8534
8541
8574
8575
8579
8588
8604
8605
8606
8610
8614
8617
8625
8627
8634
8638
8639
8644
8645
8652
8665
8678
8685
8695
8702
8704
8708
8714
8723
8732
8733
8734
8744
8755
8758
8767
8775
8791
8804
8809
8815
8817
8823
8828
8836
8838
8845
8851
8856
8861
8871
8874
8880
8881
8882
8883
8889
8894
8908
8929
8934
8936
8937
8944
8946
8950
8953
8961
8982
8994
8996
8998
9018
9020
9034
9044
9049
9063
9068
9069
9075
9078
9084
9088
9089
9092
9095
9103
9108
9115
9118
9119
9120
9121
9126
9127
9133
9151
9161
9167
9168
9169
9174
9177
9178
9186
9197
9200
9218
9220
9227
9236
9250
9252
9253
9265
9277
9280
9284
9290
9291
9293
9302
9306
9318
9319
9331
9343
9351
9379
9384
9387
9395
9406
9407
9410
9420
9428
9429
9443
9444
9445
9447
9452
9455
9460
9465
9471
9473
9477
9491
9492
9506
9507
9508
9510
9514
9515
9516
9522
9529
9537
9540
9558
9570
9571
9575
9580
9584
9586
9588
9604
9612
9616
9618
9624
9626
9641
9653
9657
9663
9665
9679
9693
9703
9711
9712
9718
9723
9735
9737
9745
9747
9751
9753
9760
9769
9770
9775
9785
9809
9819
9825
9831
9836
9861
9864
9865
9866
9870
9878
9903
9910
9923
9927
9931
9941
9942
9947
9949
9956
9967
9971
9979
9982
9988
9990
9993
