1
28
37
48
63
111
123
166
189
211
231
261
277
284
363
367
408
442
483
485
499
501
506
511
536
549
553
583
591
593
600
614
631
652
669
689
720
733
738
764
771
773
788
798
799
805
820
844
873
889
909
923
937
962
980
994
1022
1030
1064
1088
1118
1127
1178
1195
1219
1232
1238
1245
1251
1257
1262
1278
1293
1302
1315
1335
1374
1384
1395
1468
1503
1509
1570
1638
1643
1663
1692
1697
1700
1713
1735
1783
1805
1817
1821
1831
1860
1885
1921
1937
1958
1959
1976
1978
1992
1994
1998
2008
2023
2024
2102
2126
2131
2139
2178
2195
2210
2216
2219
2234
2241
2251
2257
2301
2323
2325
2340
2342
2371
2411
2445
2469
2533
2554
2557
2564
2579
2581
2590
2630
2648
2651
2699
2702
2740
2751
2761
2765
2788
2808
2835
2850
2878
2893
2912
2914
2924
2965
2987
2996
3010
3032
3045
3065
3094
3100
3116
3117
3123
3281
3289
3295
3341
3399
3445
3459
3485
3501
3540
3545
3596
3632
3650
3680
3712
3720
3725
3726
3759
3776
3801
3841
3848
3890
3914
3929
3934
3936
3938
3959
3977
3982
4024
4030
4053
4123
4130
4136
4162
4170
4204
4213
4261
4272
4283
4307
4330
4341
4409
4423
4444
4449
4456
4457
4503
4525
4551
4561
4565
4580
4590
4601
4618
4619
4626
4630
4640
4717
4746
4762
4767
4800
4802
4838
4862
4867
4883
4971
5076
5098
5118
5195
5198
5210
5211
5217
5252
5279
5282
5287
5288
5470
5489
5495
5522
5545
5627
5631
5688
5693
5740
5790
5798
5812
5820
5856
5906
5912
5980
6000
6066
6068
6071
6076
6086
6100
6164
6169
6200
6222
6248
6252
6262
6272
6300
6306
6377
6421
6443
6444
6478
6492
6511
6520
6536
6542
6589
6601
6603
6715
6730
6733
6761
6772
6786
6797
6814
6917
6927
6955
6971
6983
7032
7050
7058
7076
7081
7110
7111
7151
7187
7198
7260
7275
7290
7314
7321
7339
7354
7384
7385
7421
7430
7452
7484
7486
7534
7543
7553
7562
7567
7569
7571
7578
7580
7629
7652
7689
7731
7738
7757
7760
7777
7781
7783
7810
7811
7812
7834
7850
7872
7898
7901
7903
7931
7934
7990
8012
8088
8092
8114
8115
8123
8150
8163
8168
8191
8201
8207
8208
8224
8228
8252
8264
8273
8279
8289
8338
8346
8387
8407
8418
8433
8497
8498
8514
8532
8554
8578
8604
8616
8657
8703
8717
8749
8779
8820
8828
8836
8839
8864
8900
8917
8920
8931
8935
8936
8944
8990
9047
9048
9055
9066
9084
9085
9108
9111
9114
9124
9125
9133
9144
9147
9160
9176
9244
9289
9292
9329
9333
9340
9344
9365
9371
9389
9411
9438
9445
9446
9494
9504
9507
9529
9537
9547
9548
9600
9613
9627
9637
9676
9692
9705
9715
9721
9724
9780
9793
9807
9816
9827
9842
9856
9857
9860
9874
9880
9882
9891
9893
9894
9930
9944
9949
9950
9960
9978
9982
9997
9998
