2
7
15
22
26
29
34
35
39
43
45
57
59
66
70
85
95
99
105
106
107
120
130
142
154
161
173
177
181
189
200
206
214
228
229
231
238
247
262
270
276
290
294
304
308
312
313
314
321
329
330
336
344
362
368
370
378
408
410
416
418
420
424
426
438
440
450
451
460
462
467
487
490
493
495
500
502
504
511
524
533
534
538
543
544
548
550
554
559
562
564
566
577
584
586
602
604
618
622
640
645
653
664
669
672
673
693
695
700
703
713
728
740
745
748
754
757
764
783
785
791
799
800
801
803
818
819
823
844
845
846
855
856
858
866
881
883
903
912
924
925
935
936
956
964
975
977
979
995
1006
1011
1013
1021
1030
1040
1054
1062
1065
1071
1089
1094
1107
1108
1112
1135
1137
1145
1146
1154
1158
1160
1161
1167
1169
1179
1181
1184
1185
1187
1188
1191
1209
1215
1221
1223
1227
1231
1243
1245
1246
1248
1253
1263
1273
1275
1276
1291
1293
1294
1309
1318
1319
1334
1339
1341
1344
1358
1362
1363
1364
1375
1397
1404
1405
1407
1408
1422
1435
1436
1443
1452
1455
1456
1457
1464
1466
1467
1469
1481
1482
1494
1497
1500
1503
1517
1520
1532
1535
1536
1537
1542
1545
1550
1552
1553
1557
1561
1567
1570
1571
1579
1605
1608
1612
1662
1668
1689
1695
1718
1719
1753
1756
1759
1761
1762
1768
1791
1829
1830
1833
1835
1850
1862
1863
1878
1882
1885
1887
1889
1893
1895
1903
1905
1906
1913
1916
1927
1932
1937
1939
1946
1952
1957
1969
1972
1978
1980
1989
1997
2013
2025
2027
2034
2043
2046
2059
2062
2063
2066
2070
2078
2081
2096
2098
2109
2111
2127
2129
2148
2156
2162
2163
2171
2181
2187
2201
2206
2208
2214
2221
2224
2226
2255
2263
2277
2279
2290
2307
2315
2325
2330
2334
2346
2352
2357
2362
2363
2367
2370
2383
2386
2390
2394
2405
2411
2413
2423
2428
2429
2441
2444
2473
2475
2476
2480
2483
2489
2492
2499
2504
2505
2510
2512
2535
2538
2542
2547
2553
2554
2561
2578
2585
2590
2592
2604
2608
2609
2613
2616
2622
2623
2630
2636
2638
2641
2647
2666
2671
2681
2684
2703
2709
2718
2725
2731
2732
2740
2741
2748
2750
2753
2758
2760
2761
2764
2767
2773
2779
2784
2790
2798
2799
2804
2838
2841
2848
2853
2854
2863
2865
2888
2893
2901
2903
2913
2916
2930
2933
2940
2944
2950
2951
2952
2966
2968
2973
2975
2980
2997
3006
3013
3019
3025
3041
3044
3045
3050
3052
3058
3059
3066
3070
3085
3092
3093
3117
3127
3132
3136
3141
3151
3159
3161
3162
3170
3171
3186
3187
3188
3199
3203
3209
3226
3228
3233
3235
3238
3243
3245
3262
3278
3309
3328
3331
3341
3350
3351
3357
3372
3375
3385
3388
3396
3399
3405
3412
3425
3429
3435
3437
3443
3445
3461
3476
3480
3481
3488
3500
3506
3511
3513
3525
3533
3536
3546
3551
3559
3560
3564
3586
3590
3594
3599
3605
3616
3621
3629
3639
3641
3643
3647
3649
3651
3673
3711
3722
3723
3732
3733
3738
3751
3752
3771
3789
3801
3802
3834
3840
3842
3848
3858
3859
3860
3861
3863
3867
3874
3880
3906
3929
3930
3947
3948
3959
3964
3968
3974
3983
3990
3992
3999
4012
4013
4022
4024
4026
4027
4034
4041
4049
4066
4073
4079
4087
4089
4090
4091
4094
4098
4113
4128
4143
4144
4156
4168
4175
4186
4189
4203
4220
4225
4236
4245
4251
4252
4259
4260
4280
4289
4294
4305
4306
4310
4312
4323
4325
4345
4348
4350
4352
4353
4361
4365
4367
4369
4372
4384
4392
4400
4409
4410
4411
4417
4419
4427
4430
4440
4441
4442
4455
4457
4458
4465
4474
4480
4481
4497
4498
4499
4500
4505
4536
4544
4546
4559
4563
4567
4587
4601
4602
4603
4608
4612
4620
4622
4625
4636
4645
4646
4647
4655
4659
4660
4666
4675
4677
4687
4691
4692
4702
4704
4711
4712
4715
4716
4719
4739
4746
4748
4751
4779
4786
4792
4794
4798
4802
4803
4824
4827
4842
4851
4860
4861
4868
4870
4877
4880
4883
4887
4900
4903
4907
4926
4930
4943
4947
4952
4957
4959
4964
4972
4973
4974
4983
4993
4998
5006
5008
5014
5015
5022
5025
5038
5054
5056
5064
5081
5087
5092
5093
5098
5099
5102
5124
5127
5158
5166
5167
5178
5181
5188
5191
5195
5203
5211
5214
5218
5219
5249
5250
5266
5275
5280
5284
5290
5294
5299
5301
5308
5311
5318
5320
5326
5332
5334
5337
5340
5354
5356
5361
5367
5390
5399
5428
5446
5453
5456
5466
5474
5480
5484
5485
5486
5496
5504
5513
5514
5525
5529
5534
5539
5554
5557
5566
5578
5581
5586
5592
5598
5605
5608
5621
5627
5632
5634
5635
5642
5649
5651
5652
5653
5656
5660
5664
5673
5682
5689
5690
5701
5702
5708
5730
5738
5754
5756
5758
5762
5764
5765
5766
5767
5771
5782
5790
5801
5811
5818
5820
5822
5824
5831
5832
5834
5842
5864
5868
5877
5883
5888
5893
5906
5910
5919
5921
5941
5944
5947
5948
5953
5954
5968
5978
5989
5996
6000
6011
6021
6023
6024
6034
6037
6038
6063
6064
6068
6077
6087
6095
6116
6118
6126
6131
6135
6136
6139
6149
6152
6153
6157
6160
6180
6184
6194
6198
6200
6202
6217
6238
6240
6249
6261
6278
6280
6293
6300
6302
6310
6312
6315
6328
6333
6341
6344
6347
6349
6352
6354
6367
6372
6378
6396
6417
6419
6420
6445
6450
6452
6460
6461
6465
6466
6470
6475
6482
6488
6493
6497
6498
6512
6513
6518
6519
6521
6524
6533
6535
6536
6542
6545
6547
6549
6555
6559
6568
6572
6574
6575
6580
6581
6596
6620
6646
6656
6661
6662
6665
6705
6708
6713
6720
6726
6734
6739
6745
6747
6753
6761
6764
6765
6767
6769
6784
6786
6790
6791
6822
6825
6835
6839
6841
6842
6846
6859
6861
6864
6879
6884
6894
6900
6904
6911
6917
6930
6941
6949
6959
6965
6984
6988
6993
7000
7005
7011
7020
7031
7057
7074
7084
7091
7092
7102
7103
7105
7106
7111
7112
7127
7128
7131
7142
7147
7149
7151
7152
7176
7179
7180
7188
7191
7193
7197
7203
7205
7211
7222
7227
7234
7235
7236
7242
7244
7245
7255
7260
7293
7302
7304
7307
7308
7311
7315
7316
7319
7321
7325
7330
7332
7346
7348
7350
7357
7366
7367
7375
7394
7400
7403
7406
7418
7424
7429
7431
7434
7435
7437
7446
7453
7455
7457
7460
7461
7466
7481
7492
7496
7497
7503
7514
7515
7516
7522
7524
7525
7530
7538
7555
7560
7566
7574
7578
7581
7583
7586
7598
7606
7612
7614
7622
7638
7647
7656
7665
7666
7670
7671
7683
7703
7706
7707
7720
7730
7733
7735
7739
7740
7750
7753
7756
7767
7773
7777
7786
7789
7814
7815
7816
7817
7822
7831
7834
7844
7846
7847
7850
7859
7865
7866
7872
7874
7876
7877
7882
7890
7896
7900
7902
7906
7908
7913
7924
7934
7958
7973
7981
7983
7984
8003
8004
8006
8015
8016
8017
8018
8023
8026
8031
8039
8044
8046
8047
8049
8057
8059
8063
8064
8068
8069
8079
8082
8091
8092
8106
8118
8126
8128
8134
8136
8143
8149
8165
8169
8178
8184
8189
8193
8200
8205
8212
8215
8221
8222
8224
8231
8241
8268
8275
8276
8283
8286
8290
8306
8311
8312
8321
8335
8337
8339
8344
8352
8355
8366
8373
8374
8384
8392
8393
8395
8397
8403
8404
8416
8422
8425
8427
8437
8444
8451
8452
8453
8459
8463
8465
8477
8485
8489
8492
8495
8519
8523
8527
8540
8564
8567
8574
8586
8588
8594
8598
8607
8608
8609
8612
8624
8631
8637
8639
8641
8642
8647
8650
8657
8658
8667
8677
8680
8681
8688
8689
8713
8726
8735
8739
8744
8746
8747
8763
8767
8771
8791
8792
8810
8813
8822
8824
8835
8842
8846
8851
8853
8865
8899
8912
8919
8928
8930
8936
8938
8948
8954
8970
9000
9004
9011
9013
9039
9046
9049
9059
9063
9066
9068
9070
9078
9080
9105
9108
9112
9118
9122
9136
9141
9143
9145
9149
9151
9155
9159
9164
9166
9171
9175
9178
9182
9189
9201
9203
9205
9207
9223
9226
9230
9238
9241
9244
9253
9259
9265
9268
9280
9281
9284
9286
9297
9308
9310
9334
9345
9355
9370
9372
9374
9382
9392
9397
9398
9400
9405
9411
9419
9424
9425
9426
9432
9435
9439
9442
9443
9445
9450
9467
9469
9477
9492
9500
9513
9521
9540
9542
9557
9563
9565
9568
9573
9576
9587
9602
9606
9609
9610
9648
9657
9667
9681
9689
9695
9710
9716
9722
9731
9741
9744
9745
9758
9772
9775
9784
9788
9796
9800
9804
9807
9810
9817
