1
2
3
10
11
13
18
20
21
23
24
25
26
27
29
30
31
32
34
41
49
51
53
60
63
68
72
75
78
80
82
83
84
88
91
92
93
96
97
98
99
100
102
103
104
106
108
109
110
111
112
114
115
116
118
119
120
124
126
127
133
134
135
136
142
145
148
149
150
152
154
157
158
159
160
162
164
165
171
172
176
177
181
184
185
186
187
188
189
190
191
193
195
200
202
203
204
207
208
209
212
213
215
216
219
220
223
225
231
232
233
235
237
238
240
241
244
245
246
250
251
253
254
258
259
265
266
268
270
271
276
277
279
280
287
289
292
293
294
298
300
301
304
307
308
314
315
316
317
319
320
322
326
328
329
331
334
336
340
342
344
345
346
347
349
350
351
352
355
358
360
363
366
370
371
372
373
377
378
380
382
384
385
390
392
394
395
396
398
399
402
404
406
407
408
411
412
413
415
416
417
420
422
425
432
435
436
438
439
441
444
445
448
450
451
454
456
458
459
462
463
465
468
470
471
472
473
476
477
478
480
482
483
484
486
488
489
492
493
496
497
500
502
503
505
506
507
510
511
514
515
518
519
520
521
522
523
524
525
526
527
528
529
530
534
540
542
543
547
551
553
554
557
559
564
566
567
568
570
571
572
573
576
577
578
579
580
581
583
585
586
588
590
595
596
600
601
602
604
606
609
611
615
616
617
619
620
621
622
624
625
628
630
631
632
633
640
642
643
646
648
650
653
655
658
660
662
665
666
667
670
671
673
675
678
680
681
682
685
687
688
690
691
693
694
695
699
700
701
706
707
708
709
711
718
720
721
725
726
727
728
730
733
734
737
738
740
741
744
748
749
752
754
756
758
759
760
763
764
765
766
768
771
773
775
777
778
780
781
783
784
785
786
787
791
792
793
796
797
799
802
803
811
813
814
815
816
817
819
820
821
822
825
826
827
828
829
832
833
835
836
837
838
839
840
841
842
843
844
845
846
848
849
852
856
861
862
864
865
870
873
874
875
878
879
881
882
885
886
889
891
893
894
895
896
899
900
901
902
905
910
911
913
914
915
916
918
919
920
921
922
926
928
930
932
935
936
937
939
942
943
944
945
946
947
948
949
950
951
952
954
957
958
961
962
963
965
969
972
973
974
976
978
982
988
989
990
991
992
995
996
998
999
1003
1006
1007
1010
1011
1013
1014
1015
1020
1022
1028
1030
1031
1033
1036
1039
1041
1043
1047
1048
1049
1051
1052
1055
1058
1060
1061
1063
1064
1065
1068
1069
1070
1075
1076
1079
1080
1081
1082
1084
1086
1089
1092
1093
1094
1096
1098
1099
1100
1102
1105
1106
1108
1111
1112
1113
1118
1121
1122
1123
1125
1126
1131
1132
1135
1136
1140
1141
1142
1147
1149
1151
1152
1157
1158
1159
1161
1164
1166
1168
1170
1171
1174
1176
1179
1181
1182
1183
1185
1188
1190
1191
1194
1199
1201
1205
1206
1207
1208
1209
1210
1214
1216
1218
1222
1226
1230
1231
1235
1236
1238
1241
1244
1249
1252
1255
1256
1259
1261
1262
1263
1264
1265
1267
1268
1272
1273
1275
1279
1281
1283
1284
1291
1292
1293
1294
1301
1303
1304
1305
1310
1311
1313
1314
1315
1317
1318
1320
1322
1323
1324
1325
1327
1329
1330
1331
1333
1334
1335
1337
1338
1339
1341
1343
1345
1347
1348
1351
1352
1353
1354
1357
1362
1364
1370
1371
1373
1374
1376
1377
1378
1380
1381
1384
1385
1387
1388
1390
1391
1393
1396
1402
1403
1404
1405
1406
1408
1410
1411
1413
1414
1417
1419
1420
1422
1424
1426
1427
1428
1429
1431
1436
1440
1444
1445
1446
1447
1449
1457
1461
1462
1463
1464
1465
1468
1470
1471
1473
1474
1476
1477
1481
1482
1483
1485
1486
1488
1490
1491
1494
1496
1497
1499
1501
1506
1509
1510
1511
1512
1513
1514
1519
1522
1524
1525
1526
1527
1530
1531
1535
1536
1539
1540
1550
1551
1552
1554
1555
1556
1557
1559
1563
1568
1570
1571
1572
1575
1577
1578
1579
1582
1586
1590
1591
1592
1593
1595
1599
1600
1602
1603
1606
1607
1609
1610
1613
1614
1615
1621
1622
1624
1625
1626
1628
1630
1632
1633
1634
1635
1636
1638
1642
1643
1645
1647
1648
1652
1656
1657
1658
1660
1661
1662
1665
1669
1673
1674
1675
1677
1678
1679
1680
1682
1683
1685
1688
1691
1692
1694
1695
1698
1700
1702
1704
1705
1706
1707
1717
1720
1721
1724
1725
1729
1732
1733
1736
1739
1741
1742
1743
1744
1750
1753
1754
1755
1756
1760
1763
1769
1772
1773
1774
1776
1779
1780
1787
1793
1795
1798
1799
1800
1801
1803
1807
1812
1813
1814
1816
1818
1819
1820
1821
1822
1823
1827
1828
1829
1830
1831
1835
1837
1838
1839
1841
1842
1843
1845
1846
1847
1848
1849
1853
1855
1858
1859
1863
1864
1865
1868
1869
1870
1872
1875
1878
1879
1880
1882
1883
1884
1891
1892
1894
1896
1897
1898
1900
1902
1906
1914
1915
1916
1917
1918
1919
1922
1923
1924
1925
1926
1927
1929
1931
1932
1934
1937
1939
1943
1944
1949
1951
1956
1957
1958
1960
1966
1967
1968
1974
1976
1977
1981
1982
1984
1987
1988
1992
1996
1998
2000
2001
2002
2003
2006
2009
2011
2012
2017
2021
2022
2024
2025
2031
2032
2037
2038
2040
2041
2043
2044
2046
2049
2050
2051
2052
2057
2063
2065
2067
2068
2069
2072
2075
2076
2077
2079
2080
2081
2082
2087
2088
2089
2090
2091
2092
2095
2096
2099
2100
2101
2102
2105
2107
2108
2110
2111
2115
2116
2117
2119
2120
2122
2126
2132
2133
2135
2137
2138
2139
2141
2142
2148
2149
2153
2155
2157
2163
2164
2165
2167
2168
2169
2170
2171
2173
2177
2178
2180
2181
2182
2184
2189
2191
2197
2202
2204
2207
2208
2210
2211
2213
2214
2216
2217
2218
2221
2223
2224
2226
2227
2228
2229
2233
2234
2236
2237
2238
2240
2241
2242
2244
2245
2246
2248
2249
2251
2255
2259
2262
2264
2265
2266
2267
2268
2269
2273
2274
2275
2276
2277
2278
2279
2281
2283
2285
2286
2287
2288
2289
2290
2291
2292
2293
2294
2297
2300
2302
2303
2304
2305
2309
2311
2312
2313
2314
2316
2317
2320
2323
2324
2326
2327
2328
2330
2331
2334
2335
2336
2337
2338
2339
2340
2342
2345
2346
2347
2348
2349
2350
2351
2352
2353
2354
2355
2356
2357
2358
2360
2361
2362
2363
2364
2366
2367
2369
2372
2374
2375
2376
2377
2379
2382
2383
2384
2386
2387
2388
2390
2391
2392
2394
2395
2397
2398
2399
2401
2404
2405
2406
2407
2408
2409
2414
2418
2419
2424
2426
2428
2429
2430
2431
2432
2433
2434
2435
2436
2437
2438
2441
2442
2443
2444
2446
2449
2450
2452
2453
2454
2455
2456
2457
2458
2459
2460
2461
2462
2463
2465
2466
2467
2468
2470
2472
2473
2474
2475
2481
2482
2490
2493
2495
2498
2502
2505
2507
2508
2510
2512
2514
2515
2516
2518
2519
2522
2529
2533
2534
2537
2538
2539
2546
2547
2548
2550
2551
2554
2556
2557
2558
2559
2560
2562
2563
2564
2565
2566
2567
2569
2570
2571
2572
2574
2575
2577
2580
2581
2583
2585
2593
2594
2601
2604
2606
2611
2612
2613
2618
2622
2627
2628
2632
2634
2635
2636
2639
2641
2642
2644
2646
2647
2649
2652
2653
2654
2656
2661
2662
2663
2664
2665
2667
2668
2670
2672
2673
2680
2681
2682
2683
2685
2686
2687
2689
2690
2692
2694
2695
2696
2700
2705
2708
2713
2715
2717
2718
2719
2720
2721
2724
2727
2730
2731
2735
2736
2738
2739
2742
2744
2745
2746
2748
2749
2750
2751
2752
2753
2754
2757
2758
2762
2764
2766
2770
2772
2773
2775
2776
2777
2779
2780
2783
2786
2787
2788
2792
2793
2794
2795
2802
2803
2804
2805
2806
2807
2808
2810
2812
2819
2820
2821
2825
2826
2829
2830
2831
2832
2835
2838
2839
2840
2850
2851
2852
2854
2855
2859
2860
2861
2865
2867
2869
2870
2872
2874
2875
2879
2882
2883
2884
2887
2888
2889
2890
2893
2894
2895
2897
2899
2903
2904
2905
2907
2908
2909
2910
2911
2912
2915
2916
2918
2920
2924
2925
2927
2928
2930
2931
2932
2934
2935
2937
2938
2940
2941
2945
2947
2950
2952
2954
2955
2957
2958
2959
2962
2963
2965
2968
2969
2970
2972
2974
2975
2977
2981
2984
2985
2989
2990
2993
2994
2998
3000
3001
3003
3004
3005
3006
3007
3008
3010
3011
3012
3013
3016
3017
3018
3021
3022
3023
3024
3025
3027
3029
3031
3034
3038
3039
3041
3042
3044
3045
3046
3047
3048
3051
3052
3054
3055
3059
3061
3062
3063
3064
3068
3069
3070
3071
3072
3073
3079
3084
3087
3088
3089
3090
3093
3096
3099
3100
3101
3105
3109
3110
3111
3114
3118
3125
3126
3128
3129
3131
3133
3134
3137
3139
3140
3141
3146
3151
3152
3153
3154
3159
3162
3165
3167
3169
3175
3180
3181
3185
3187
3188
3191
3192
3193
3194
3195
3197
3198
3201
3202
3204
3205
3212
3213
3214
3217
3218
3219
3220
3222
3223
3229
3232
3234
3236
3240
3241
3244
3246
3247
3248
3249
3250
3254
3256
3257
3262
3263
3267
3268
3269
3270
3272
3273
3274
3276
3278
3280
3282
3283
3284
3285
3289
3293
3294
3295
3300
3303
3305
3307
3310
3312
3313
3314
3316
3320
3323
3325
3330
3331
3332
3334
3336
3337
3338
3340
3347
3348
3349
3350
3356
3357
3359
3362
3364
3370
3378
3381
3383
3386
3389
3393
3400
3401
3402
3403
3405
3408
3410
3418
3420
3422
3424
3425
3428
3429
3430
3434
3435
3442
3445
3447
3448
3450
3451
3456
3457
3459
3460
3461
3463
3464
3465
3466
3468
3471
3475
3476
3478
3480
3481
3482
3483
3485
3490
3492
3495
3497
3498
3499
3505
3507
3510
3512
3513
3514
3515
3518
3519
3522
3523
3524
3526
3528
3529
3530
3532
3535
3537
3540
3542
3543
3545
3546
3547
3550
3552
3553
3557
3558
3560
3562
3565
3566
3567
3569
3571
3575
3576
3581
3582
3583
3584
3586
3589
3590
3591
3593
3594
3601
3602
3605
3608
3609
3610
3614
3616
3618
3619
3620
3622
3623
3624
3625
3628
3629
3635
3636
3639
3642
3643
3646
3648
3652
3653
3654
3655
3659
3661
3665
3668
3669
3673
3674
3675
3676
3677
3678
3682
3684
3685
3688
3692
3694
3696
3699
3701
3702
3703
3704
3705
3707
3710
3713
3716
3717
3718
3723
3724
3725
3726
3727
3730
3733
3737
3740
3742
3743
3746
3747
3748
3749
3751
3756
3757
3763
3765
3769
3770
3775
3776
3777
3781
3783
3784
3785
3791
3792
3793
3798
3799
3800
3801
3802
3804
3807
3809
3810
3811
3812
3813
3814
3815
3817
3819
3820
3823
3824
3827
3828
3829
3831
3834
3835
3836
3837
3838
3846
3847
3851
3852
3853
3854
3855
3856
3858
3860
3861
3862
3863
3864
3867
3872
3875
3877
3879
3883
3884
3885
3887
3889
3890
3893
3897
3898
3899
3900
3902
3904
3905
3906
3908
3913
3914
3916
3917
3924
3925
3927
3931
3934
3938
3939
3942
3943
3945
3947
3948
3949
3952
3955
3959
3960
3965
3966
3967
3968
3969
3972
3975
3983
3984
3991
3994
3996
3998
4000
4001
4002
4003
4006
4007
4008
4009
4013
4014
4016
4017
4018
4019
4022
4023
4025
4028
4030
4031
4033
4036
4038
4040
4041
4042
4043
4046
4048
4049
4052
4053
4058
4059
4066
4069
4071
4072
4073
4077
4079
4085
4086
4087
4089
4090
4092
4095
4097
4098
4099
4102
4103
4104
4105
4107
4109
4110
4111
4112
4115
4116
4120
4125
4126
4130
4133
4134
4137
4138
4141
4146
4147
4148
4149
4151
4154
4157
4158
4159
4162
4167
4171
4172
4173
4174
4176
4178
4180
4181
4182
4185
4193
4195
4197
4200
4201
4204
4205
4207
4208
4209
4218
4219
4221
4222
4227
4230
4231
4232
4233
4236
4238
4239
4240
4241
4244
4245
4246
4247
4248
4249
4254
4255
4258
4259
4261
4263
4264
4267
4270
4271
4272
4273
4275
4276
4277
4281
4282
4285
4288
4289
4291
4292
4293
4294
4298
4299
4300
4302
4305
4307
4309
4310
4312
4313
4315
4320
4321
4323
4324
4325
4326
4327
4328
4331
4332
4333
4334
4335
4336
4338
4339
4341
4342
4345
4347
4348
4352
4355
4356
4357
4361
4362
4368
4369
4370
4371
4372
4373
4374
4375
4377
4379
4382
4383
4384
4386
4387
4392
4395
4396
4397
4398
4399
4400
4402
4403
4405
4411
4413
4415
4416
4417
4418
4419
4421
4422
4423
4425
4429
4430
4433
4435
4436
4440
4441
4443
4444
4445
4447
4448
4449
4450
4452
4453
4454
4457
4459
4460
4462
4463
4464
4466
4467
4468
4469
4471
4473
4475
4477
4478
4481
4482
4486
4489
4490
4493
4495
4502
4503
4504
4505
4509
4510
4517
4519
4520
4521
4523
4526
4527
4529
4531
4532
4536
4538
4539
4546
4547
4549
4550
4552
4554
4555
4556
4558
4559
4563
4565
4569
4571
4572
4575
4576
4578
4580
4581
4582
4584
4585
4586
4587
4588
4589
4594
4597
4599
4602
4603
4605
4606
4615
4617
4618
4620
4622
4624
4625
4627
4629
4630
4632
4633
4635
4636
4638
4639
4640
4641
4642
4643
4644
4646
4649
4651
4652
4653
4654
4655
4659
4664
4665
4667
4668
4669
4672
4673
4676
4677
4678
4687
4688
4689
4690
4695
4696
4699
4703
4704
4705
4706
4707
4709
4711
4713
4714
4716
4717
4719
4720
4722
4723
4724
4729
4733
4737
4738
4740
4749
4752
4753
4755
4756
4757
4758
4763
4765
4766
4770
4771
4773
4777
4778
4779
4782
4788
4790
4791
4792
4797
4798
4801
4802
4806
4807
4808
4810
4811
4813
4814
4815
4818
4819
4820
4823
4824
4827
4829
4830
4831
4832
4835
4836
4837
4838
4839
4841
4842
4844
4849
4854
4861
4862
4863
4865
4867
4869
4870
4872
4876
4879
4880
4883
4884
4887
4888
4889
4893
4895
4898
4901
4905
4906
4909
4911
4912
4913
4914
4916
4917
4919
4920
4921
4923
4925
4926
4927
4928
4930
4933
4936
4941
4946
4947
4949
4951
4953
4955
4957
4961
4968
4969
4972
4973
4974
4975
4976
4981
4985
4987
4988
4994
4996
4997
5001
5003
5007
5008
5009
5010
5011
5013
5014
5016
5017
5020
5022
5023
5026
5032
5034
5036
5037
5038
5042
5044
5045
5047
5048
5049
5051
5052
5053
5054
5055
5056
5059
5061
5063
5065
5066
5069
5070
5071
5072
5079
5081
5083
5085
5086
5087
5088
5089
5091
5092
5093
5096
5097
5103
5105
5106
5109
5112
5113
5115
5117
5119
5121
5124
5126
5130
5131
5135
5136
5138
5142
5147
5149
5151
5152
5153
5154
5155
5156
5157
5158
5160
5162
5163
5164
5166
5167
5172
5174
5175
5180
5186
5190
5192
5193
5194
5195
5201
5203
5204
5209
5210
5211
5213
5214
5216
5218
5219
5222
5225
5227
5230
5232
5233
5235
5236
5237
5238
5241
5244
5247
5251
5252
5253
5257
5259
5260
5263
5266
5267
5269
5270
5271
5274
5275
5276
5278
5279
5280
5283
5284
5285
5286
5287
5289
5290
5291
5292
5296
5298
5299
5302
5308
5309
5310
5311
5312
5314
5320
5321
5323
5326
5327
5328
5333
5335
5337
5338
5339
5340
5341
5344
5348
5349
5351
5353
5356
5357
5361
5362
5365
5371
5382
5383
5385
5386
5387
5389
5395
5397
5398
5402
5405
5411
5412
5413
5416
5418
5420
5427
5429
5432
5433
5434
5436
5439
5441
5445
5446
5447
5448
5449
5453
5454
5456
5458
5459
5460
5461
5462
5464
5466
5467
5469
5471
5476
5478
5480
5483
5485
5486
5488
5489
5492
5493
5497
5498
5501
5502
5503
5506
5509
5510
5511
5512
5515
5516
5519
5521
5522
5523
5524
5525
5527
5532
5533
5536
5539
5540
5542
5543
5544
5546
5547
5549
5552
5554
5558
5559
5560
5561
5562
5563
5564
5565
5568
5569
5571
5573
5574
5575
5579
5581
5582
5583
5587
5594
5596
5598
5600
5601
5603
5607
5608
5610
5613
5616
5617
5619
5622
5625
5627
5630
5632
5634
5635
5638
5641
5643
5647
5650
5652
5653
5656
5659
5660
5661
5665
5666
5669
5674
5676
5677
5679
5680
5681
5682
5683
5684
5691
5692
5693
5695
5697
5701
5707
5714
5718
5719
5720
5723
5724
5726
5728
5729
5730
5731
5733
5735
5738
5741
5742
5743
5744
5751
5753
5754
5757
5759
5762
5765
5766
5767
5768
5772
5774
5777
5778
5780
5781
5784
5785
5788
5789
5793
5794
5796
5797
5801
5803
5804
5805
5807
5809
5822
5823
5824
5825
5826
5830
5831
5834
5838
5839
5840
5841
5842
5843
5845
5846
5848
5851
5852
5853
5854
5855
5858
5859
5862
5865
5867
5868
5869
5870
5872
5873
5874
5875
5876
5881
5882
5884
5885
5886
5891
5893
5895
5896
5897
5900
5901
5904
5905
5906
5907
5909
5910
5912
5913
5914
5917
5918
5919
5920
5921
5922
5925
5926
5928
5929
5930
5933
5934
5938
5939
5940
5941
5944
5946
5947
5955
5958
5959
5960
5962
5965
5967
5970
5972
5973
5975
5980
5982
5983
5985
5993
5994
5995
6000
6001
6005
6007
6009
6013
6019
6020
6024
6025
6026
6027
6029
6032
6035
6036
6037
6039
6042
6043
6044
6045
6046
6049
6050
6055
6056
6058
6059
6060
6063
6068
6069
6071
6072
6074
6075
6076
6077
6078
6081
6084
6085
6087
6088
6089
6090
6091
6095
6097
6099
6100
6101
6104
6107
6109
6110
6112
6117
6119
6120
6121
6122
6125
6130
6132
6134
6138
6142
6144
6145
6146
6148
6151
6153
6155
6156
6158
6159
6161
6163
6164
6165
6166
6169
6171
6173
6176
6177
6178
6179
6180
6182
6183
6185
6187
6188
6189
6191
6193
6194
6196
6200
6201
6202
6204
6208
6209
6210
6211
6212
6216
6218
6220
6221
6223
6225
6226
6227
6229
6231
6234
6235
6236
6237
6238
6240
6242
6244
6246
6247
6248
6250
6251
6255
6256
6257
6258
6259
6263
6269
6271
6272
6273
6276
6279
6280
6282
6285
6287
6288
6291
6292
6294
6296
6302
6303
6304
6305
6314
6315
6316
6317
6318
6322
6325
6326
6328
6329
6331
6333
6338
6344
6347
6349
6352
6353
6354
6355
6358
6359
6360
6361
6362
6364
6365
6367
6368
6375
6376
6377
6379
6381
6385
6387
6388
6389
6391
6392
6394
6397
6398
6400
6401
6402
6403
6405
6406
6408
6411
6412
6413
6414
6416
6418
6419
6421
6422
6423
6424
6425
6426
6427
6428
6429
6431
6432
6433
6435
6436
6438
6444
6446
6447
6449
6453
6456
6457
6460
6462
6464
6467
6472
6473
6474
6477
6478
6479
6482
6485
6489
6492
6493
6496
6501
6502
6504
6505
6507
6508
6510
6514
6515
6518
6519
6520
6522
6525
6526
6527
6528
6529
6535
6539
6541
6542
6544
6545
6552
6556
6557
6560
6561
6562
6565
6567
6568
6570
6576
6577
6578
6579
6580
6581
6582
6584
6585
6586
6588
6589
6592
6593
6594
6596
6599
6600
6605
6609
6610
6613
6614
6618
6619
6620
6622
6623
6624
6625
6626
6628
6631
6632
6633
6634
6636
6637
6639
6641
6643
6644
6646
6648
6652
6653
6656
6657
6659
6661
6662
6663
6665
6668
6669
6670
6677
6679
6680
6681
6683
6685
6686
6687
6689
6690
6691
6692
6693
6694
6695
6697
6698
6701
6704
6706
6709
6710
6711
6712
6716
6719
6721
6725
6726
6728
6729
6731
6733
6734
6736
6739
6744
6746
6747
6750
6751
6752
6755
6758
6759
6763
6766
6767
6771
6772
6774
6776
6777
6778
6779
6780
6781
6782
6783
6788
6794
6795
6797
6798
6802
6803
6807
6808
6809
6810
6812
6815
6817
6818
6819
6822
6824
6827
6828
6829
6833
6834
6835
6838
6839
6840
6841
6842
6843
6844
6845
6857
6859
6860
6861
6866
6870
6871
6872
6874
6875
6876
6879
6885
6886
6894
6903
6905
6906
6907
6909
6910
6912
6914
6916
6917
6919
6920
6921
6922
6925
6926
6931
6932
6933
6934
6935
6936
6939
6941
6942
6943
6944
6945
6946
6951
6953
6954
6955
6956
6962
6963
6969
6970
6971
6973
6975
6976
6978
6979
6981
6984
6985
6986
6992
6994
6995
6996
6998
7001
7004
7007
7008
7011
7012
7014
7015
7016
7017
7021
7025
7030
7032
7033
7035
7036
7037
7038
7041
7042
7044
7045
7047
7048
7050
7053
7054
7055
7056
7059
7060
7062
7063
7064
7066
7069
7074
7075
7077
7078
7079
7082
7085
7087
7088
7090
7091
7093
7094
7095
7098
7099
7101
7102
7106
7109
7111
7113
7114
7116
7117
7118
7120
7121
7123
7126
7127
7130
7132
7133
7134
7135
7136
7137
7140
7142
7145
7147
7148
7149
7150
7151
7153
7154
7157
7158
7159
7160
7161
7163
7165
7167
7170
7173
7176
7178
7180
7182
7183
7185
7186
7187
7188
7190
7192
7195
7196
7197
7199
7201
7207
7208
7212
7215
7217
7222
7225
7226
7227
7228
7229
7230
7232
7233
7235
7237
7238
7239
7245
7246
7247
7248
7249
7250
7252
7255
7257
7263
7267
7269
7270
7272
7274
7276
7277
7278
7279
7280
7281
7283
7284
7285
7287
7288
7291
7292
7293
7294
7296
7299
7301
7302
7303
7304
7307
7308
7309
7310
7311
7314
7317
7318
7321
7322
7323
7324
7325
7327
7328
7329
7330
7331
7332
7334
7336
7337
7338
7343
7348
7357
7359
7364
7365
7367
7368
7369
7371
7373
7374
7375
7376
7377
7380
7382
7383
7384
7385
7386
7388
7390
7391
7392
7393
7396
7397
7398
7402
7403
7404
7405
7406
7410
7411
7413
7417
7418
7419
7420
7421
7424
7425
7427
7428
7429
7430
7431
7432
7434
7437
7438
7442
7443
7444
7445
7446
7449
7450
7451
7452
7453
7465
7466
7469
7472
7473
7476
7477
7481
7482
7483
7484
7486
7488
7489
7491
7492
7497
7499
7500
7506
7507
7508
7509
7516
7519
7524
7534
7535
7537
7539
7542
7543
7549
7552
7553
7554
7556
7557
7558
7559
7560
7561
7562
7565
7568
7570
7571
7572
7574
7576
7577
7578
7579
7582
7586
7588
7589
7596
7599
7600
7601
7602
7603
7604
7605
7606
7607
7610
7611
7612
7613
7615
7617
7619
7620
7621
7625
7628
7631
7634
7640
7643
7645
7647
7648
7649
7650
7654
7657
7658
7659
7667
7674
7675
7677
7678
7679
7680
7682
7684
7687
7690
7692
7693
7694
7695
7697
7698
7699
7700
7701
7703
7704
7705
7706
7709
7710
7711
7712
7713
7714
7715
7716
7718
7719
7721
7723
7727
7728
7730
7733
7734
7735
7739
7740
7741
7744
7745
7746
7749
7752
7753
7754
7757
7762
7769
7771
7772
7773
7775
7777
7780
7781
7786
7787
7788
7789
7791
7792
7793
7795
7802
7804
7805
7807
7808
7809
7810
7812
7814
7815
7816
7817
7818
7822
7823
7828
7829
7830
7832
7835
7840
7842
7843
7844
7845
7846
7847
7849
7850
7853
7855
7857
7858
7861
7862
7863
7864
7865
7866
7867
7869
7871
7872
7873
7874
7876
7877
7878
7880
7881
7882
7886
7888
7889
7890
7891
7893
7894
7896
7897
7898
7901
7902
7905
7906
7908
7909
7911
7912
7913
7915
7917
7918
7919
7922
7924
7926
7927
7928
7929
7932
7933
7935
7938
7941
7942
7944
7946
7947
7948
7950
7955
7962
7963
7969
7970
7972
7977
7980
7982
7983
7984
7985
7986
7987
7989
7993
7994
7995
7998
8001
8002
8003
8006
8007
8010
8012
8014
8015
8018
8020
8022
8023
8026
8027
8028
8029
8032
8035
8038
8039
8040
8054
8056
8057
8060
8061
8065
8068
8070
8072
8073
8077
8079
8080
8081
8084
8085
8087
8088
8089
8090
8092
8095
8102
8103
8104
8106
8108
8109
8110
8115
8117
8121
8122
8123
8125
8128
8129
8130
8131
8133
8134
8137
8138
8141
8142
8143
8145
8146
8147
8148
8149
8151
8153
8154
8155
8156
8157
8158
8159
8161
8162
8163
8164
8166
8168
8170
8173
8175
8178
8180
8181
8183
8184
8186
8188
8190
8193
8195
8196
8197
8198
8200
8202
8204
8205
8206
8207
8211
8212
8213
8216
8218
8219
8220
8221
8222
8223
8229
8230
8232
8234
8236
8238
8242
8244
8248
8252
8253
8254
8255
8260
8265
8266
8271
8275
8277
8278
8279
8281
8282
8283
8285
8288
8291
8292
8293
8295
8296
8297
8302
8306
8307
8308
8312
8313
8314
8315
8316
8317
8318
8319
8320
8321
8323
8327
8330
8331
8332
8333
8334
8336
8337
8340
8341
8344
8347
8348
8349
8351
8353
8358
8362
8363
8364
8368
8372
8374
8375
8376
8377
8378
8379
8380
8384
8385
8391
8392
8393
8396
8397
8399
8400
8402
8403
8404
8406
8411
8416
8419
8421
8422
8425
8428
8432
8435
8437
8438
8440
8444
8445
8446
8447
8449
8452
8456
8458
8462
8464
8467
8469
8470
8471
8475
8478
8479
8480
8481
8485
8486
8488
8489
8490
8492
8493
8494
8495
8496
8497
8498
8499
8500
8501
8504
8505
8510
8511
8513
8514
8519
8523
8525
8526
8528
8529
8532
8533
8534
8535
8537
8542
8544
8545
8546
8548
8549
8550
8551
8552
8555
8560
8561
8562
8563
8565
8566
8567
8568
8569
8570
8571
8574
8575
8577
8578
8580
8582
8583
8585
8589
8591
8593
8594
8600
8601
8602
8603
8605
8608
8609
8610
8612
8613
8615
8619
8620
8621
8623
8624
8625
8627
8630
8631
8632
8633
8635
8636
8637
8640
8642
8643
8645
8647
8649
8650
8654
8657
8658
8659
8660
8661
8662
8663
8666
8667
8668
8669
8672
8674
8677
8680
8682
8684
8686
8687
8696
8699
8701
8702
8704
8712
8713
8714
8715
8717
8720
8723
8724
8725
8726
8727
8729
8735
8741
8747
8748
8749
8752
8754
8755
8757
8759
8760
8762
8763
8765
8766
8769
8770
8771
8772
8775
8776
8778
8779
8780
8781
8783
8784
8787
8788
8789
8792
8793
8796
8797
8798
8799
8800
8806
8807
8808
8809
8811
8814
8815
8816
8818
8820
8821
8826
8827
8829
8830
8831
8842
8843
8845
8846
8848
8850
8851
8852
8853
8854
8855
8858
8861
8862
8865
8866
8867
8868
8869
8872
8875
8876
8880
8881
8882
8883
8888
8890
8892
8893
8894
8895
8898
8899
8900
8905
8906
8907
8908
8909
8910
8911
8916
8917
8919
8920
8922
8924
8929
8930
8934
8935
8936
8938
8940
8941
8943
8946
8950
8951
8955
8956
8958
8960
8961
8962
8963
8968
8971
8973
8974
8975
8977
8979
8980
8982
8983
8988
8989
8990
8994
8995
8996
8997
8998
8999
9002
9005
9007
9008
9009
9011
9014
9016
9017
9022
9027
9032
9034
9035
9036
9042
9044
9045
9046
9047
9050
9051
9052
9054
9055
9057
9060
9063
9065
9066
9067
9068
9069
9070
9072
9073
9074
9076
9077
9078
9079
9083
9084
9092
9093
9094
9097
9101
9103
9104
9105
9106
9109
9110
9114
9116
9117
9127
9128
9130
9131
9135
9137
9138
9139
9140
9141
9142
9144
9145
9146
9149
9152
9153
9154
9161
9162
9168
9169
9171
9172
9174
9178
9179
9180
9181
9183
9184
9188
9189
9190
9191
9194
9195
9196
9197
9202
9204
9205
9207
9208
9210
9213
9225
9227
9229
9230
9231
9235
9236
9241
9243
9245
9246
9249
9250
9253
9254
9259
9260
9262
9263
9266
9268
9269
9270
9271
9272
9275
9276
9277
9279
9280
9281
9282
9284
9290
9293
9296
9300
9301
9302
9305
9306
9307
9308
9313
9314
9315
9320
9321
9325
9326
9330
9331
9332
9334
9338
9343
9344
9345
9347
9349
9351
9355
9357
9359
9360
9361
9366
9368
9371
9375
9377
9378
9379
9380
9381
9383
9386
9389
9390
9393
9396
9397
9398
9399
9401
9402
9403
9405
9407
9408
9409
9411
9412
9413
9414
9417
9418
9421
9422
9423
9424
9426
9427
9429
9430
9432
9433
9434
9437
9440
9443
9445
9446
9448
9449
9451
9457
9458
9460
9461
9466
9467
9468
9470
9471
9472
9474
9477
9478
9479
9483
9487
9491
9492
9493
9495
9496
9497
9499
9503
9504
9505
9507
9508
9509
9510
9512
9513
9514
9516
9517
9518
9519
9520
9523
9525
9526
9532
9536
9537
9538
9540
9541
9542
9543
9545
9546
9548
9549
9550
9553
9555
9557
9558
9560
9561
9564
9565
9566
9567
9568
9571
9572
9573
9574
9575
9576
9578
9583
9584
9585
9587
9588
9590
9594
9595
9597
9604
9605
9606
9607
9608
9610
9611
9612
9615
9618
9619
9621
9625
9633
9634
9635
9641
9642
9643
9645
9646
9647
9649
9651
9654
9655
9658
9660
9664
9665
9670
9671
9675
9676
9678
9679
9683
9684
9689
9690
9692
9693
9694
9697
9699
9703
9704
9706
9707
9708
9709
9710
9714
9715
9720
9721
9722
9724
9725
9726
9727
9728
9729
9731
9732
9733
9734
9737
9738
9739
9740
9743
9745
9748
9749
9752
9753
9754
9755
9756
9757
9758
9760
9763
9764
9765
9768
9769
9770
9771
9772
9775
9777
9778
9780
9781
9785
9788
9789
9790
9791
9793
9796
9797
9800
9810
9812
9818
9819
